-2.881614064908625483e+00
-2.879009601784190853e+00
-2.876951773778462673e+00
-2.875279411041288036e+00
-2.873884904883000857e+00
-2.872694250131812677e+00
-2.871655230418595828e+00
-2.870730168533982773e+00
-2.869891336262898385e+00
-2.869117966664164410e+00
-2.868394261097702902e+00
-2.867708030361924454e+00
-2.867049749770592459e+00
-2.866411890290153419e+00
-2.865788437386396659e+00
-2.865174539774160145e+00
-2.864566249523749164e+00
-2.863960327370317138e+00
-2.863354095195590254e+00
-2.862745323067427350e+00
-2.862132141891244874e+00
-2.861512975248574620e+00
-2.860886485754400521e+00
-2.860251532503908845e+00
-2.859607137063666205e+00
-2.858952456100422257e+00
-2.858286759206059457e+00
-2.857609410819751616e+00
-2.856919855402881403e+00
-2.856217605212946875e+00
-2.855502230166711453e+00
-2.854773349392495607e+00
-2.854030624155547535e+00
-2.853273751905331501e+00
-2.852502461243982435e+00
-2.851716507654587396e+00
-2.850915669858980372e+00
-2.850099746699225722e+00
-2.849268554456483749e+00
-2.848421924536527872e+00
-2.847559701463693749e+00
-2.846681741135144605e+00
-2.845787909295520723e+00
-2.844878080198691261e+00
-2.843952135428802652e+00
-2.843009962857242279e+00
-2.842051455715858932e+00
-2.841076511769792923e+00
-2.840085032575807134e+00
-2.839076922814104620e+00
-2.838052089683374746e+00
-2.837010442350268224e+00
-2.835951891445747997e+00
-2.834876348601782059e+00
-2.833783726022738758e+00
-2.832673936086566702e+00
-2.831546890971481378e+00
-2.830402502304412149e+00
-2.829240680827905141e+00
-2.828061336082584809e+00
-2.826864376102575349e+00
-2.825649707121602905e+00
-2.824417233287698004e+00
-2.823166856384653922e+00
-2.821898475558554331e+00
-2.820611987047836777e+00
-2.819307283915482021e+00
-2.817984255782026715e+00
-2.816642788558192390e+00
-2.815282764175979224e+00
-2.813904060317160560e+00
-2.812506550138140771e+00
-2.811090101990191936e+00
-2.809654579134110097e+00
-2.808199839448352719e+00
-2.806725735129737220e+00
-2.805232112385782184e+00
-2.803718811117778209e+00
-2.802185664593665582e+00
-2.800632499109790174e+00
-2.799059133640586339e+00
-2.797465379475216007e+00
-2.795851039840171914e+00
-2.794215909506803541e+00
-2.792559774382714632e+00
-2.790882411085905179e+00
-2.789183586500513456e+00
-2.787463057312943526e+00
-2.785720569527105894e+00
-2.783955857957444380e+00
-2.782168645698346765e+00
-2.780358643568453747e+00
-2.778525549528315430e+00
-2.776669048069739354e+00
-2.774788809575090109e+00
-2.772884489644684258e+00
-2.770955728390325667e+00
-2.769002149692901593e+00
-2.767023360421819955e+00
-2.765018949613952781e+00
-2.762988487609575383e+00
-2.760931525142646059e+00
-2.758847592382599245e+00
-2.756736197924629650e+00
-2.754596827725253494e+00
-2.752428943979720266e+00
-2.750231983937616587e+00
-2.748005358652747532e+00
-2.745748451663145406e+00
-2.743460617596727769e+00
-2.741141180697864499e+00
-2.738789433269754880e+00
-2.736404634027175042e+00
-2.733986006353778198e+00
-2.731532736457711330e+00
-2.729043971418890546e+00
-2.726518817120785698e+00
-2.723956336059071504e+00
-2.721355545018955713e+00
-2.718715412612393578e+00
-2.716034856665790365e+00
-2.713312741448087095e+00
-2.710547874728415962e+00
-2.707739004651709802e+00
-2.704884816419812932e+00
-2.701983928764718712e+00
-2.699034890199592418e+00
-2.696036175032174409e+00
-2.692986179124020385e+00
-2.689883215377830705e+00
-2.686725508933788475e+00
-2.683511192054433891e+00
-2.680238298676075548e+00
-2.676904758603113166e+00
-2.673508391319905364e+00
-2.670046899392925610e+00
-2.666517861433957748e+00
-2.662918724592906905e+00
-2.659246796546510527e+00
-2.655499236946751829e+00
-2.651673048290156931e+00
-2.647765066166326342e+00
-2.643771948841067143e+00
-2.639690166126303694e+00
-2.635515987485553158e+00
-2.631245469320185659e+00
-2.626874441377899050e+00
-2.622398492220856969e+00
-2.617812953686776023e+00
-2.613112884271883818e+00
-2.608293051360145665e+00
-2.603347912218496596e+00
-2.598271593673020075e+00
-2.593057870376175522e+00
-2.587700141570308698e+00
-2.582191406247869025e+00
-2.576524236604126994e+00
-2.570690749673804731e+00
-2.564682577039105738e+00
-2.558490832493298672e+00
-2.552106077541573814e+00
-2.545518284619557203e+00
-2.538716797910105960e+00
-2.531690291641149226e+00
-2.524426725752066947e+00
-2.516913298823959977e+00
-2.509136398181120331e+00
-2.501081547087987911e+00
-2.492733348989235154e+00
-2.484075428771856497e+00
-2.475090371069236461e+00
-2.465759655680480833e+00
-2.456063590246853501e+00
-2.445981240414599966e+00
-2.435490357824432017e+00
-2.424567306408298872e+00
-2.413186987651023685e+00
-2.401322765697237127e+00
-2.388946393464460805e+00
-2.376027941276099842e+00
-2.362535729972635945e+00
-2.348436271019953558e+00
-2.333694216842112201e+00
-2.318272325502889419e+00
-2.302131444998962717e+00
-2.285230523876435882e+00
-2.267526656730731727e+00
-2.248975175513524327e+00
-2.229529800599279188e+00
-2.209142869451905522e+00
-2.187765665727265940e+00
-2.165348878065933569e+00
-2.141843226069404249e+00
-2.117200301500797632e+00
-2.091373686193918502e+00
-2.064320425165503625e+00
-2.036002954724783987e+00
-2.006391611635675698e+00
-1.975467881050255059e+00
-1.943228577868465923e+00
-1.909691197129987250e+00
-1.874900710751155053e+00
-1.838938123879313213e+00
-1.801931123019080871e+00
-1.764067132099212065e+00
-1.725609016587303257e+00
-1.686913507946053103e+00
-1.648452126625590486e+00
-1.610833925516277576e+00
-1.574828689240022728e+00
-1.541388016663469918e+00
-1.511658667841365711e+00
-1.486972766599212958e+00
-1.468770621379160701e+00
-1.458363101790755678e+00
-1.456486956641416475e+00
-1.462931594305526328e+00
-1.476659456675313065e+00
-1.496270001663287275e+00
-1.520362799948566268e+00
-1.547691668764220596e+00
-1.577204013864686116e+00
-1.608037434573127200e+00
-1.639501915905970053e+00
-1.671057341696114973e+00
-1.702290228486382118e+00
-1.732891628639948278e+00
-1.762637234771893269e+00
-1.791370142626526718e+00
-1.818986346984235336e+00
-1.845422809427332611e+00
-1.870647812761736084e+00
-1.894653270503037890e+00
-1.917448661809143085e+00
-1.939056290552522821e+00
-1.959507607033043941e+00
-1.978840373089515436e+00
-1.997096491141882257e+00
-2.014320352714418672e+00
-2.030557591562698327e+00
-2.045854150818346984e+00
-2.060255593143361263e+00
-2.073806598457536232e+00
-2.086550606075125547e+00
-2.098529567698861786e+00
-2.109783785216773566e+00
-2.120351813080407322e+00
-2.130270409575448110e+00
-2.139574524815790912e+00
-2.148297316026516857e+00
-2.156470182806690339e+00
-2.164122816716477882e+00
-2.171283260820973560e+00
-2.177977975827234847e+00
-2.184231910234648133e+00
-2.190068572530803781e+00
-2.195510103943299818e+00
-2.200577350631644169e+00
-2.205289934495337612e+00
-2.209666322002030725e+00
-2.213723890617027568e+00
-2.217478992553197692e+00
-2.220947015666905333e+00
-2.224142441407546578e+00
-2.227078899790827737e+00
-2.229769221413220315e+00
-2.232225486560234451e+00
-2.234459071486908144e+00
-2.236480691967202894e+00
-2.238300444221473562e+00
-2.239927843339104552e+00
-2.241371859317806692e+00
-2.242640950842766934e+00
-2.243743096928481062e+00
-2.244685826544153162e+00
-2.245476246340512905e+00
-2.246121066591980853e+00
-2.246626625463666205e+00
-2.246998911707839497e+00
-2.247243585889482809e+00
-2.247366000235358374e+00
-2.247371217195898829e+00
-2.247264026804127290e+00
-2.247048962910865200e+00
-2.246730318370648849e+00
-2.246312159248173845e+00
-2.245798338110644998e+00
-2.245192506467190707e+00
-2.244498126412513894e+00
-2.243718481528153674e+00
-2.242856687091179690e+00
-2.241915699636773951e+00
-2.240898325918010858e+00
-2.239807231303201362e+00
-2.238644947648383177e+00
-2.237413880679975708e+00
-2.236116316920201630e+00
-2.234754430185619700e+00
-2.233330287687026683e+00
-2.231845855757024211e+00
-2.230303005229735902e+00
-2.228703516495462722e+00
-2.227049084251492062e+00
-2.225341321968807851e+00
-2.223581766093103429e+00
-2.221771879997213706e+00
-2.219913057700923176e+00
-2.218006627373007245e+00
-2.216053854629357556e+00
-2.214055945640084122e+00
-2.212014050057630410e+00
-2.209929263777108410e+00
-2.207802631539314220e+00
-2.205635149386171445e+00
-2.203427766977713365e+00
-2.201181389779084174e+00
-2.198896881125502745e+00
-2.196575064172577196e+00
-2.194216723738900310e+00
-2.191822608047375720e+00
-2.189393430371322058e+00
-2.186929870590991420e+00
-2.184432576665794823e+00
-2.181902166027156920e+00
-2.179339226896633619e+00
-2.176744319533610916e+00
-2.174117977416634595e+00
-2.171460708362167757e+00
-2.168772995584321794e+00
-2.166055298698895459e+00
-2.163308054674838665e+00
-2.160531678736070660e+00
-2.157726565216393499e+00
-2.154893088370077425e+00
-2.152031603140530436e+00
-2.149142445889327124e+00
-2.146225935087716419e+00
-2.143282371972616840e+00
-2.140312041168969781e+00
-2.137315211280225835e+00
-2.134292135448608629e+00
-2.131243051886731354e+00
-2.128168184382022599e+00
-2.125067742775340829e+00
-2.121941923415079145e+00
-2.118790909587978000e+00
-2.115614871927792073e+00
-2.112413968802894892e+00
-2.109188346683839477e+00
-2.105938140491827593e+00
-2.102663473928991333e+00
-2.099364459791336568e+00
-2.096041200265144955e+00
-2.092693787207589029e+00
-2.089322302412264687e+00
-2.085926817860308979e+00
-2.082507395957733820e+00
-2.079064089759559586e+00
-2.075596943181307275e+00
-2.072105991198376351e+00
-2.068591260033788792e+00
-2.065052767334771389e+00
-2.061490522338603970e+00
-2.057904526028144332e+00
-2.054294771277410891e+00
-2.050661242987579236e+00
-2.047003918213737172e+00
-2.043322766282695380e+00
-2.039617748902172067e+00
-2.035888820261599008e+00
-2.032135927124826935e+00
-2.028359008914953687e+00
-2.024557997791504693e+00
-2.020732818720160751e+00
-2.016883389535230275e+00
-2.013009620995036109e+00
-2.009111416830374086e+00
-2.005188673786185927e+00
-2.001241281656587656e+00
-1.997269123313355044e+00
-1.993272074727987064e+00
-1.989250004987427101e+00
-1.985202776303527816e+00
-1.981130244016326314e+00
-1.977032256591186421e+00
-1.972908655609850737e+00
-1.968759275755433524e+00
-1.964583944791383541e+00
-1.960382483534417908e+00
-1.956154705821427919e+00
-1.951900418470352117e+00
-1.947619421234979109e+00
-1.943311506753656159e+00
-1.938976460491851572e+00
-1.934614060678514935e+00
-1.930224078236157048e+00
-1.925806276704580489e+00
-1.921360412158152453e+00
-1.916886233116520399e+00
-1.912383480448645034e+00
-1.907851887270019642e+00
-1.903291178832925423e+00
-1.898701072409560320e+00
-1.894081277167865229e+00
-1.889431494039852000e+00
-1.884751415582221812e+00
-1.880040725829054793e+00
-1.875299100136317509e+00
-1.870526205017924770e+00
-1.865721697973082627e+00
-1.860885227304593270e+00
-1.856016431927808297e+00
-1.851114941169868411e+00
-1.846180374558867632e+00
-1.841212341602526115e+00
-1.836210441555956363e+00
-1.831174263178052763e+00
-1.826103384476017055e+00
-1.820997372437497930e+00
-1.815855782749776326e+00
-1.810678159505398677e+00
-1.805464034893619285e+00
-1.800212928876956164e+00
-1.794924348852129814e+00
-1.789597789294597119e+00
-1.784232731385828385e+00
-1.778828642622430678e+00
-1.773384976406145341e+00
-1.767901171613669220e+00
-1.762376652145189349e+00
-1.756810826450423413e+00
-1.751203087030869021e+00
-1.745552809916876669e+00
-1.739859354118026946e+00
-1.734122061045211938e+00
-1.728340253902650225e+00
-1.722513237047953005e+00
-1.716640295318188514e+00
-1.710720693319719210e+00
-1.704753674679398534e+00
-1.698738461254510224e+00
-1.692674252298586479e+00
-1.686560223579987472e+00
-1.680395526449846466e+00
-1.674179286855648874e+00
-1.667910604296356514e+00
-1.661588550714592660e+00
-1.655212169320931848e+00
-1.648780473344838571e+00
-1.642292444706199728e+00
-1.635747032600746831e+00
-1.629143151991877536e+00
-1.622479682000544710e+00
-1.615755464183834755e+00
-1.608969300691713844e+00
-1.602119952290040228e+00
-1.595206136236335226e+00
-1.588226523992910755e+00
-1.581179738759701747e+00
-1.574064352806412437e+00
-1.566878884580353182e+00
-1.559621795562290858e+00
-1.552291486837737544e+00
-1.544886295344910732e+00
-1.537404489752848269e+00
-1.529844265913203216e+00
-1.522203741816369860e+00
-1.514480951965639477e+00
-1.506673841060391483e+00
-1.498780256848478043e+00
-1.490797941965131379e+00
-1.482724524515169451e+00
-1.474557507067700612e+00
-1.466294253603083630e+00
-1.457931973755790533e+00
-1.449467703392252504e+00
-1.440898280076968740e+00
-1.432220311184186912e+00
-1.423430131071837135e+00
-1.414523741416481517e+00
-1.405496724706566170e+00
-1.396344113525134878e+00
-1.387060185081656627e+00
-1.377638128135200590e+00
-1.368069499119409116e+00
-1.358343383259303261e+00
-1.348445427992454482e+00
-1.338358409477105937e+00
-1.328072144331326809e+00
-1.317622321917166106e+00
-1.307056262367773503e+00
-1.296278130357544356e+00
-1.285197889039586094e+00
-1.273780796252019121e+00
-1.262123280754621879e+00
-1.250430670781533360e+00
-1.238473773188441651e+00
-1.225977394961407674e+00
-1.212831897616360122e+00
-1.199244212499320561e+00
-1.185907025250787061e+00
-1.172388132743908074e+00
-1.157854330208594629e+00
-1.141969555904639000e+00
-1.125088135730607286e+00
-1.109104601735646733e+00
-1.093631037801150230e+00
-1.076338157057604938e+00
-1.056280753881729817e+00
-1.033899212175511950e+00
-1.013226867550878429e+00
-9.954260969148376326e-01
-9.750009925249178977e-01
-9.494689417667689924e-01
-9.191621632507970263e-01
-8.906716384765912542e-01
-8.699834669222963335e-01
-8.470203968339723444e-01
-8.155960437008202835e-01
-7.753592520427499135e-01
-7.349371961374746576e-01
-7.097402816969060613e-01
-6.868205094772847907e-01
-6.522634960599964504e-01
-6.040020938329955236e-01
-5.507766763349108974e-01
-5.172934496430309226e-01
-4.969293531874001690e-01
-4.641506294927716936e-01
-4.124873899613226702e-01
-3.488035104241262174e-01
-3.015191566276942403e-01
-2.828044516861770163e-01
-2.576643459713075512e-01
-2.099774008530237990e-01
-1.425743238205474939e-01
-7.977302413887149557e-02
-5.613328191115505433e-02
-4.265466509030794301e-02
-7.038774741340490110e-03
5.484131973300484381e-02
1.276778371640856502e-01
1.695871945052908891e-01
1.767733643681940470e-01
1.952671500131964721e-01
2.424200201090849494e-01
3.129510660290065194e-01
3.769628997126479031e-01
3.949527097552416044e-01
3.982209684475030986e-01
4.249605439425233611e-01
4.817441237835479173e-01
5.556926673108826265e-01
6.078709079678988880e-01
6.185132387938248044e-01
6.317764707980042527e-01
6.712890276215282004e-01
7.319895463068438746e-01
7.913226024787175517e-01
8.117483960022260359e-01
7.885023426688126946e-01
7.666042476218031254e-01
7.711616526096051194e-01
8.060070960804610607e-01
8.572518921818045312e-01
8.829627483162696411e-01
8.619749548954747098e-01
8.367602557515522177e-01
8.361300541636724759e-01
8.659757522650728401e-01
9.187555358008964168e-01
9.658170610008751655e-01
9.654842721497208791e-01
9.358163116529047976e-01
9.190969771019336099e-01
9.311371569633523082e-01
9.728137639808620563e-01
1.036168342296611478e+00
1.098566080512157317e+00
1.122003522769493111e+00
1.099766333011002573e+00
1.055730494985670509e+00
1.015813971146105832e+00
9.960532043066815389e-01
1.002078415304316961e+00
1.032417747831452237e+00
1.075401469963938927e+00
1.101442900950720505e+00
1.092511099714569722e+00
1.079831370710207850e+00
1.086091693021626448e+00
1.097952276290171669e+00
1.085435380014558859e+00
1.056514254543504894e+00
1.038694871857324786e+00
1.044513071258935444e+00
1.075711752778761854e+00
1.126668638838281611e+00
1.180452194644068697e+00
1.208843677174481268e+00
1.193408294913743228e+00
1.138846261107222757e+00
1.078714429690535992e+00
1.037632016072912000e+00
1.024974047676519229e+00
1.041504536233557987e+00
1.076233187089625787e+00
1.094135401087603210e+00
1.064799205854876307e+00
1.020147274558114825e+00
9.940279812414758442e-01
9.971452896532954080e-01
1.026898293001284213e+00
1.063158659466752809e+00
1.063948822967686114e+00
1.029908470765926953e+00
1.005373353903156186e+00
1.010284107739826354e+00
1.043945307963930258e+00
1.088979171974377991e+00
1.103369128068864446e+00
1.062333266480583793e+00
9.969262417260315035e-01
9.424197204244226800e-01
9.148988909120701063e-01
9.066628612951596056e-01
8.763757128462165147e-01
8.094700607486409183e-01
7.464160398448046463e-01
7.103934062204360078e-01
7.041110743954253071e-01
7.065445245775578975e-01
6.695784217492918300e-01
6.003737555655492830e-01
5.433864601688284113e-01
5.159797641342481755e-01
5.147729961129082765e-01
5.064447257122267620e-01
4.505947579930100200e-01
3.803333598640993296e-01
3.310884835475147447e-01
3.113186904197788318e-01
3.081478760080819113e-01
2.767834720869474796e-01
2.070922284215711562e-01
1.429086002200453120e-01
1.043940075981707738e-01
9.103894085307008555e-02
7.651265890666988922e-02
2.149426702350823101e-02
-4.768071752174213307e-02
-9.959371727922457229e-02
-1.274073154173038513e-01
-1.415224471132876527e-01
-1.777843604126616850e-01
-2.413553739324311720e-01
-2.982805818852908297e-01
-3.357995608004054611e-01
-3.558914108945908650e-01
-3.788958220652903219e-01
-4.282702253812575299e-01
-4.816108575292143978e-01
-5.219102302609632815e-01
-5.474676834780207724e-01
-5.666982732265898326e-01
-6.006982134594845979e-01
-6.447285040331874884e-01
-6.817666521008864944e-01
-7.084282471626796029e-01
-7.275984483144180004e-01
-7.502501125978012775e-01
-7.819875864632034324e-01
-8.117189089885541442e-01
-8.353582180812333391e-01
-8.536645275416832046e-01
-8.708505654414279151e-01
-8.928856551832631272e-01
-9.154711639466474038e-01
-9.349485733342786098e-01
-9.512978732609277399e-01
-9.658941701909111721e-01
-9.817732377700170154e-01
-9.986433254932970405e-01
-1.014206260307304985e+00
-1.028153721229453366e+00
-1.040909121556361949e+00
-1.053532315213104864e+00
-1.066623503910988813e+00
-1.079249339894663873e+00
-1.091095574931026269e+00
-1.102273819205798366e+00
-1.113097744253480847e+00
-1.123952787138215781e+00
-1.134618914840824333e+00
-1.144897285065698211e+00
-1.154804671089017631e+00
-1.164429965004784240e+00
-1.173919454864302159e+00
-1.183275948988354198e+00
-1.192417024445524776e+00
-1.201338431700900156e+00
-1.210059953134907884e+00
-1.218600456399358434e+00
-1.226974304585009223e+00
-1.235192256414054057e+00
-1.243262666516700810e+00
-1.251192319652526086e+00
-1.258986946429960341e+00
-1.266651537752087053e+00
-1.274190540681728878e+00
-1.281607984763716290e+00
-1.288907566755566503e+00
-1.296092709743220439e+00
-1.303166605953890445e+00
-1.310132248838862923e+00
-1.316992457859248900e+00
-1.323749898152763338e+00
-1.330407096503715358e+00
-1.336966454571024698e+00
-1.343430260032295376e+00
-1.349800696108823361e+00
-1.356079849807652060e+00
-1.362269719128900825e+00
-1.368372219425434189e+00
-1.374389189058362160e+00
-1.380322394460379076e+00
-1.386173534695630982e+00
-1.391944245587414697e+00
-1.397636103471675106e+00
-1.403250628624045815e+00
-1.408789288400133843e+00
-1.414253500122361062e+00
-1.419644633741623752e+00
-1.424964014297828818e+00
-1.430212924200056079e+00
-1.435392605344242067e+00
-1.440504261084007087e+00
-1.445549058068271053e+00
-1.450528127957657176e+00
-1.455442569030322320e+00
-1.460293447686588530e+00
-1.465081799860801892e+00
-1.469808632347884503e+00
-1.474474924051325742e+00
-1.479081627158642886e+00
-1.483629668249791367e+00
-1.488119949343449155e+00
-1.492553348885658160e+00
-1.496930722684907344e+00
-1.501252904797354848e+00
-1.505520708365595040e+00
-1.509734926414058487e+00
-1.513896332603906103e+00
-1.518005681950014951e+00
-1.522063711502464001e+00
-1.526071140994744280e+00
-1.530028673460718025e+00
-1.533936995822236637e+00
-1.537796779449148943e+00
-1.541608680693332900e+00
-1.545373341398243561e+00
-1.549091389385383266e+00
-1.552763438918989713e+00
-1.556390091150148258e+00
-1.559971934541467764e+00
-1.563509545273353618e+00
-1.567003487632886660e+00
-1.570454314386202421e+00
-1.573862567135251744e+00
-1.577228776659731935e+00
-1.580553463244960044e+00
-1.583837136996385286e+00
-1.587080298141412271e+00
-1.590283437319163662e+00
-1.593447035858761351e+00
-1.596571566046696145e+00
-1.599657491383788877e+00
-1.602705266832257669e+00
-1.605715339053328305e+00
-1.608688146635854244e+00
-1.611624120316343056e+00
-1.614523683190778991e+00
-1.617387250918625563e+00
-1.620215231919342358e+00
-1.623008027561761102e+00
-1.625766032346621648e+00
-1.628489634082579629e+00
-1.631179214055954674e+00
-1.633835147194494297e+00
-1.636457802225410818e+00
-1.639047541827917787e+00
-1.641604722780516390e+00
-1.644129696103228566e+00
-1.646622807195003091e+00
-1.649084395966475158e+00
-1.651514796968279519e+00
-1.653914339515090148e+00
-1.656283347805556749e+00
-1.658622141038303743e+00
-1.660931033524140066e+00
-1.663210334794636314e+00
-1.665460349707202914e+00
-1.667681378546803872e+00
-1.669873717124438661e+00
-1.672037656872513711e+00
-1.674173484937216072e+00
-1.676281484268006050e+00
-1.678361933704336284e+00
-1.680415108059691409e+00
-1.682441278203061552e+00
-1.684440711137922042e+00
-1.686413670078833027e+00
-1.688360414525724051e+00
-1.690281200335955525e+00
-1.692176279794241900e+00
-1.694045901680493627e+00
-1.695890311335670031e+00
-1.697709750725698852e+00
-1.699504458503537929e+00
-1.701274670069434336e+00
-1.703020617629449562e+00
-1.704742530252305155e+00
-1.706440633924605432e+00
-1.708115151604496340e+00
-1.709766303273801080e+00
-1.711394305988697129e+00
-1.712999373928970392e+00
-1.714581718445898018e+00
-1.716141548108803594e+00
-1.717679068750326943e+00
-1.719194483510449123e+00
-1.720687992879310180e+00
-1.722159794738862271e+00
-1.723610084403387921e+00
-1.725039054658925597e+00
-1.726446895801626580e+00
-1.727833795675088435e+00
-1.729199939706679956e+00
-1.730545510942905540e+00
-1.731870690083820774e+00
-1.733175655516538516e+00
-1.734460583347847251e+00
-1.735725647435968133e+00
-1.736971019421474915e+00
-1.738196868757400981e+00
-1.739403362738557890e+00
-1.740590666530082320e+00
-1.741758943195240494e+00
-1.742908353722501635e+00
-1.744039057051906427e+00
-1.745151210100749140e+00
-1.746244967788584734e+00
-1.747320483061586716e+00
-1.748377906916269708e+00
-1.749417388422589870e+00
-1.750439074746441559e+00
-1.751443111171567368e+00
-1.752429641120889059e+00
-1.753398806177281166e+00
-1.754350746103794600e+00
-1.755285598863345342e+00
-1.756203500637882886e+00
-1.757104585847042433e+00
-1.757988987166303030e+00
-1.758856835544655217e+00
-1.759708260221787279e+00
-1.760543388744806981e+00
-1.761362346984502780e+00
-1.762165259151155405e+00
-1.762952247809909556e+00
-1.763723433895712844e+00
-1.764478936727828406e+00
-1.765218874023935847e+00
-1.765943361913816512e+00
-1.766652514952643083e+00
-1.767346446133867932e+00
-1.768025266901727566e+00
-1.768689087163358709e+00
-1.769338015300542022e+00
-1.769972158181071009e+00
-1.770591621169755214e+00
-1.771196508139061265e+00
-1.771786921479399091e+00
-1.772362962109049977e+00
-1.772924729483753792e+00
-1.773472321605944257e+00
-1.774005835033646727e+00
-1.774525364889037560e+00
-1.775031004866668649e+00
-1.775522847241359115e+00
-1.776000982875758361e+00
-1.776465501227582511e+00
-1.776916490356525102e+00
-1.777354036930846037e+00
-1.777778226233636794e+00
-1.778189142168769887e+00
-1.778586867266526372e+00
-1.778971482688905592e+00
-1.779343068234622294e+00
-1.779701702343783332e+00
-1.780047462102249511e+00
-1.780380423245684129e+00
-1.780700660163282212e+00
-1.781008245901187781e+00
-1.781303252165591378e+00
-1.781585749325513168e+00
-1.781855806415264309e+00
-1.782113491136595673e+00
-1.782358869860517503e+00
-1.782592007628805097e+00
-1.782812968155176092e+00
-1.783021813826142665e+00
-1.783218605701536674e+00
-1.783403403514706165e+00
-1.783576265672372596e+00
-1.783737249254159885e+00
-1.783886410011779944e+00
-1.784023802367876499e+00
-1.784149479414523620e+00
-1.784263492911374760e+00
-1.784365893283457627e+00
-1.784456729618610238e+00
-1.784536049664556367e+00
-1.784603899825612183e+00
-1.784660325159020511e+00
-1.784705369370908512e+00
-1.784739074811859894e+00
-1.784761482472099425e+00
-1.784772631976284218e+00
-1.784772561577887773e+00
-1.784761308153180792e+00
-1.784738907194793667e+00
-1.784705392804856405e+00
-1.784660797687710909e+00
-1.784605153142178713e+00
-1.784538489053388410e+00
-1.784460833884144115e+00
-1.784372214665829848e+00
-1.784272656988840522e+00
-1.784162184992529987e+00
-1.784040821354663908e+00
-1.783908587280369940e+00
-1.783765502490571642e+00
-1.783611585209897710e+00
-1.783446852154049411e+00
-1.783271318516624016e+00
-1.783084997955366680e+00
-1.782887902577854122e+00
-1.782680042926584330e+00
-1.782461427963461853e+00
-1.782232065053666714e+00
-1.781991959948889814e+00
-1.781741116769915090e+00
-1.781479537988541306e+00
-1.781207224408816625e+00
-1.780924175147576172e+00
-1.780630387614259069e+00
-1.780325857489990060e+00
-1.780010578705903956e+00
-1.779684543420692933e+00
-1.779347741997358012e+00
-1.779000162979138322e+00
-1.778641793064602572e+00
-1.778272617081872564e+00
-1.777892617961959409e+00
-1.777501776711185366e+00
-1.777100072382667761e+00
-1.776687482046832800e+00
-1.776263980760939498e+00
-1.775829541537580214e+00
-1.775384135312125577e+00
-1.774927730909089174e+00
-1.774460295007378230e+00
-1.773981792104391220e+00
-1.773492184478938860e+00
-1.772991432152942082e+00
-1.772479492851879002e+00
-1.771956321963936265e+00
-1.771421872497829675e+00
-1.770876095039250142e+00
-1.770318937705893880e+00
-1.769750346101032878e+00
-1.769170263265580134e+00
-1.768578629628599241e+00
-1.767975382956214592e+00
-1.767360458298866899e+00
-1.766733787936861422e+00
-1.766095301324158040e+00
-1.765444925030340784e+00
-1.764782582680710865e+00
-1.764108194894442594e+00
-1.763421679220735783e+00
-1.762722950072902028e+00
-1.762011918660312926e+00
-1.761288492918141158e+00
-1.760552577434820964e+00
-1.759804073377150502e+00
-1.759042878412954369e+00
-1.758268886631228822e+00
-1.757481988459677735e+00
