-2.881681959279222660e+00
-2.878864786439349288e+00
-2.876574150456719714e+00
-2.874648985148578362e+00
-2.872981772768845588e+00
-2.871498593130897170e+00
-2.870147312696758490e+00
-2.868890337151912995e+00
-2.867700022567827745e+00
-2.866555688490194598e+00
-2.865441625460463104e+00
-2.864345736450978119e+00
-2.863258592112844170e+00
-2.862172762000149806e+00
-2.861082333446154813e+00
-2.859982560302333443e+00
-2.858869603005220750e+00
-2.857740333824887458e+00
-2.856592189269592463e+00
-2.855423057035719747e+00
-2.854231188559587906e+00
-2.853015130748265182e+00
-2.851773672222386313e+00
-2.850505800642649135e+00
-2.849210668575773209e+00
-2.847887565993746151e+00
-2.846535897965351225e+00
-2.845155166441445616e+00
-2.843744955289857490e+00
-2.842304917926409047e+00
-2.840834767032556663e+00
-2.839334265959744474e+00
-2.837803221504597406e+00
-2.836241477803942868e+00
-2.834648911149057149e+00
-2.833025425557931687e+00
-2.831370948975349577e+00
-2.829685429995075108e+00
-2.827968835017931948e+00
-2.826221145775135835e+00
-2.824442357158743366e+00
-2.822632475311176226e+00
-2.820791515933948279e+00
-2.818919502782388342e+00
-2.817016466318582602e+00
-2.815082442499226900e+00
-2.813117471678741488e+00
-2.811121597611052625e+00
-2.809094866535946533e+00
-2.807037326337998628e+00
-2.804949025767830673e+00
-2.802830013716894442e+00
-2.800680338538232395e+00
-2.798500047406654812e+00
-2.796289185712685477e+00
-2.794047796485321200e+00
-2.791775919839297515e+00
-2.789473592443062255e+00
-2.787140847004111244e+00
-2.784777711768715136e+00
-2.782384210033387983e+00
-2.779960359665721192e+00
-2.777506172632437043e+00
-2.775021654532714432e+00
-2.772506804134997616e+00
-2.769961612915655014e+00
-2.767386064597945783e+00
-2.764780134689879709e+00
-2.762143790019615963e+00
-2.759476988267115072e+00
-2.756779677490821978e+00
-2.754051795648184253e+00
-2.751293270108849942e+00
-2.748504017159412616e+00
-2.745683941498569425e+00
-2.742832935721588150e+00
-2.739950879792953931e+00
-2.737037640506067682e+00
-2.734093070928868219e+00
-2.731117009834198583e+00
-2.728109281113749951e+00
-2.725069693174354324e+00
-2.721998038315384338e+00
-2.718894092085968772e+00
-2.715757612620685268e+00
-2.712588339952355820e+00
-2.709385995300499506e+00
-2.706150280333952107e+00
-2.702880876406087207e+00
-2.699577443761019602e+00
-2.696239620709080853e+00
-2.692867022769787511e+00
-2.689459241780445264e+00
-2.686015844968419941e+00
-2.682536373985039191e+00
-2.679020343898963041e+00
-2.675467242146764679e+00
-2.671876527438347360e+00
-2.668247628614699440e+00
-2.664579943455360311e+00
-2.660872837432832760e+00
-2.657125642411033883e+00
-2.653337655284721652e+00
-2.649508136556676163e+00
-2.645636308849228957e+00
-2.641721355346573485e+00
-2.637762418164074418e+00
-2.633758596640609628e+00
-2.629708945549749100e+00
-2.625612473225355181e+00
-2.621468139596946578e+00
-2.617274854129913564e+00
-2.613031473665408555e+00
-2.608736800154441315e+00
-2.604389578280424278e+00
-2.599988492964090625e+00
-2.595532166744369373e+00
-2.591019157028461084e+00
-2.586447953203984351e+00
-2.581816973605667531e+00
-2.577124562328655610e+00
-2.572368985880066461e+00
-2.567548429659979092e+00
-2.562660994262540903e+00
-2.557704691587410206e+00
-2.552677440751173865e+00
-2.547577063787870078e+00
-2.542401281127121493e+00
-2.537147706837804328e+00
-2.531813843624509452e+00
-2.526397077563394156e+00
-2.520894672563317673e+00
-2.515303764537407005e+00
-2.509621355269446408e+00
-2.503844305958669025e+00
-2.497969330425704015e+00
-2.491992987961557215e+00
-2.485911675800610343e+00
-2.479721621197681802e+00
-2.473418873088232495e+00
-2.466999293309801278e+00
-2.460458547361734194e+00
-2.453792094679204894e+00
-2.446995178396473403e+00
-2.440062814573207284e+00
-2.432989780856602113e+00
-2.425770604550902654e+00
-2.418399550064819437e+00
-2.410870605706215031e+00
-2.403177469792353804e+00
-2.395313536042942726e+00
-2.387271878222205324e+00
-2.379045233995300546e+00
-2.370625987963571824e+00
-2.362006153842449496e+00
-2.353177355745318611e+00
-2.344130808536416755e+00
-2.334857297215858107e+00
-2.325347155300326207e+00
-2.315590242163896306e+00
-2.305575919305006938e+00
-2.295293025507940676e+00
-2.284729850870546475e+00
-2.273874109674542066e+00
-2.262712912080997452e+00
-2.251232734641894773e+00
-2.239419389629529356e+00
-2.227257993199746267e+00
-2.214732932423367551e+00
-2.201827831243941880e+00
-2.188525515450498116e+00
-2.174807976793276865e+00
-2.160656336420844426e+00
-2.146050807881652922e+00
-2.130970660016084484e+00
-2.115394180171416671e+00
-2.099298638308631837e+00
-2.082660252745266671e+00
-2.065454158503555515e+00
-2.047654379522426016e+00
-2.029233806364041826e+00
-2.010164181524625615e+00
-1.990416095076386949e+00
-1.969958994162948729e+00
-1.948761210896887697e+00
-1.926790014532477224e+00
-1.904011695496659273e+00
-1.880391691069081661e+00
-1.855894765351878251e+00
-1.830485259846145629e+00
-1.804127435688239522e+00
-1.776785934688564605e+00
-1.748426394121617156e+00
-1.719016260179434319e+00
-1.688525857640627681e+00
-1.656929789209150794e+00
-1.624208757752471532e+00
-1.590351928871073239e+00
-1.555359980194783942e+00
-1.519249017366205212e+00
-1.482055573742421473e+00
-1.443842948740043042e+00
-1.404709173315008330e+00
-1.364796911665355550e+00
-1.324305602843416363e+00
-1.283506096940311814e+00
-1.242757926811133062e+00
-1.202529155566693930e+00
-1.163418424592219003e+00
-1.126178319673943884e+00
-1.091738128866194923e+00
-1.061221007394361759e+00
-1.035940172512241908e+00
-1.017327872373533726e+00
-1.006698271362833408e+00
-1.004792269244847214e+00
-1.011392352205839895e+00
-1.025447478699723636e+00
-1.045551158921988799e+00
-1.070310128763718893e+00
-1.098494438107175286e+00
-1.129070171658869803e+00
-1.161190921511803920e+00
-1.194177180988773346e+00
-1.227492958502047760e+00
-1.260722818394691913e+00
-1.293550707247465681e+00
-1.325741194153540636e+00
-1.357123346578605227e+00
-1.387577202034724788e+00
-1.417022635570452271e+00
-1.445410340194112964e+00
-1.472714609741776925e+00
-1.498927621533859389e+00
-1.524054943746466995e+00
-1.548112028714489163e+00
-1.571121491388508762e+00
-1.593111007933364576e+00
-1.614111701087748152e+00
-1.634156905781625202e+00
-1.653281230730766049e+00
-1.671519849751264442e+00
-1.688907970954465432e+00
-1.705480443401363511e+00
-1.721271469774313223e+00
-1.736314400647914757e+00
-1.750641591416236764e+00
-1.764284307191231971e+00
-1.777272664293018778e+00
-1.789635599517239939e+00
-1.801400860353538524e+00
-1.812595010871493661e+00
-1.823243449186783494e+00
-1.833370433348855855e+00
-1.842999113212363094e+00
-1.852151566414789841e+00
-1.860848837018183710e+00
-1.869110975711569589e+00
-1.876957080734137584e+00
-1.884405338884338699e+00
-1.891473066139530035e+00
-1.898176747534863429e+00
-1.904532076046500766e+00
-1.910553990298993643e+00
-1.916256710974561850e+00
-1.921653775846680512e+00
-1.926758073394717607e+00
-1.931581874982625235e+00
-1.936136865604585422e+00
-1.940434173215479730e+00
-1.944484396675106419e+00
-1.948297632343119590e+00
-1.951883499367328190e+00
-1.955251163711817286e+00
-1.958409360973754065e+00
-1.961366418039021342e+00
-1.964130273627272771e+00
-1.966708497776773257e+00
-1.969108310318713473e+00
-1.971336598389602512e+00
-1.973399933029024833e+00
-1.975304584908528671e+00
-1.977056539235769073e+00
-1.978661509876300073e+00
-1.980124952733650190e+00
-1.981452078426529040e+00
-1.982647864300238982e+00
-1.983717065807619973e+00
-1.984664227293134520e+00
-1.985493692212045636e+00
-1.986209612815009296e+00
-1.986815959326865277e+00
-1.987316528646894342e+00
-1.987714952596389528e+00
-1.988014705738007315e+00
-1.988219112790058363e+00
-1.988331355657646737e+00
-1.988354480101378607e+00
-1.988291402063232072e+00
-1.988144913668105085e+00
-1.987917688918544590e+00
-1.987612289099191409e+00
-1.987231167906566398e+00
-1.986776676318952051e+00
-1.986251067220316413e+00
-1.985656499791438323e+00
-1.984995043680677584e+00
-1.984268682966126685e+00
-1.983479319920242068e+00
-1.982628778587427476e+00
-1.981718808184462333e+00
-1.980751086333120137e+00
-1.979727222133802256e+00
-1.978648759088521780e+00
-1.977517177881113586e+00
-1.976333899022105545e+00
-1.975100285365283037e+00
-1.973817644502582125e+00
-1.972487231043587474e+00
-1.971110248785562513e+00
-1.969687852779616000e+00
-1.968221151298298555e+00
-1.966711207709639142e+00
-1.965159042262351496e+00
-1.963565633786684250e+00
-1.961931921315152261e+00
-1.960258805627142831e+00
-1.958547150721191121e+00
-1.956797785218496344e+00
-1.955011503701076681e+00
-1.953189067987759708e+00
-1.951331208351047897e+00
-1.949438624677727994e+00
-1.947511987575942793e+00
-1.945551939431300559e+00
-1.943559095414454818e+00
-1.941534044442465357e+00
-1.939477350096123764e+00
-1.937389551495312556e+00
-1.935271164134363842e+00
-1.933122680679264738e+00
-1.930944571728484549e+00
-1.928737286539074391e+00
-1.926501253719636875e+00
-1.924236881891650874e+00
-1.921944560320579809e+00
-1.919624659518105902e+00
-1.917277531816766523e+00
-1.914903511918206958e+00
-1.912502917416188053e+00
-1.910076049295446721e+00
-1.907623192407432500e+00
-1.905144615923902052e+00
-1.902640573769295962e+00
-1.900111305032781361e+00
-1.897557034360785710e+00
-1.894977972330819549e+00
-1.892374315807330509e+00
-1.889746248280302465e+00
-1.887093940187269503e+00
-1.884417549219379984e+00
-1.881717220612117547e+00
-1.878993087421245711e+00
-1.876245270784519192e+00
-1.873473880169671313e+00
-1.870679013609160224e+00
-1.867860757922130910e+00
-1.865019188924026849e+00
-1.862154371624251681e+00
-1.859266360412271224e+00
-1.856355199232511799e+00
-1.853420921748398786e+00
-1.850463551495851622e+00
-1.847483102026536983e+00
-1.844479577041157947e+00
-1.841452970513046461e+00
-1.838403266802298708e+00
-1.835330440760682302e+00
-1.832234457827529805e+00
-1.829115274116808187e+00
-1.825972836495549645e+00
-1.822807082653801869e+00
-1.819617941166254305e+00
-1.816405331545667634e+00
-1.813169164288238155e+00
-1.809909340910993425e+00
-1.806625753981319971e+00
-1.803318287138700349e+00
-1.799986815108728821e+00
-1.796631203709454949e+00
-1.793251309850101727e+00
-1.789846981522181135e+00
-1.786418057783021762e+00
-1.782964368731713600e+00
-1.779485735477454922e+00
-1.775981970100275475e+00
-1.772452875604100031e+00
-1.768898245862099428e+00
-1.765317865554259846e+00
-1.761711510097093258e+00
-1.758078945565393569e+00
-1.754419928605926327e+00
-1.750734206342927868e+00
-1.747021516275275577e+00
-1.743281586165165375e+00
-1.739514133918127259e+00
-1.735718867454181913e+00
-1.731895484569934363e+00
-1.728043672791362173e+00
-1.724163109217062395e+00
-1.720253460351671704e+00
-1.716314381929175514e+00
-1.712345518725780114e+00
-1.708346504362012297e+00
-1.704316961093668592e+00
-1.700256499591228376e+00
-1.696164718707288355e+00
-1.692041205231575640e+00
-1.687885533633035173e+00
-1.683697265788470787e+00
-1.679475950697167930e+00
-1.675221124180893417e+00
-1.670932308568622071e+00
-1.666609012365283693e+00
-1.662250729903791857e+00
-1.657856940979537397e+00
-1.653427110466493710e+00
-1.648960687913999079e+00
-1.644457107123225903e+00
-1.639915785702256157e+00
-1.635336124598624430e+00
-1.630717507608076211e+00
-1.626059300858214263e+00
-1.621360852265585573e+00
-1.616621490964665009e+00
-1.611840526707045029e+00
-1.607017249229026445e+00
-1.602150927585640705e+00
-1.597240809448973398e+00
-1.592286120368480384e+00
-1.587286062990786784e+00
-1.582239816236228780e+00
-1.577146534429165525e+00
-1.572005346378806179e+00
-1.566815354406994265e+00
-1.561575633319049139e+00
-1.556285229313389307e+00
-1.550943158825219603e+00
-1.545548407299092597e+00
-1.540099927884597930e+00
-1.534596640048812244e+00
-1.529037428098424023e+00
-1.523421139603646557e+00
-1.517746583715072095e+00
-1.512012529363547797e+00
-1.506217703331879543e+00
-1.500360788185687966e+00
-1.494440420048992468e+00
-1.488455186208030190e+00
-1.482403622524313569e+00
-1.476284210634964733e+00
-1.470095374914689890e+00
-1.463835479169294018e+00
-1.457502823025039751e+00
-1.451095637971163033e+00
-1.444612083003902425e+00
-1.438050239808856823e+00
-1.431408107403339791e+00
-1.424683596140176034e+00
-1.417874520946990513e+00
-1.410978593637083556e+00
-1.403993414074475865e+00
-1.396916459898494445e+00
-1.389745074399341362e+00
-1.382476451963846609e+00
-1.375107620243414930e+00
-1.367635417770582729e+00
-1.360056465053780306e+00
-1.352367126006995379e+00
-1.344563454543427961e+00
-1.336641117573832416e+00
-1.328595279200797563e+00
-1.320420419349487506e+00
-1.312110040435867653e+00
-1.303656188702335905e+00
-1.295048714396259015e+00
-1.286274409808419339e+00
-1.277317456719096800e+00
-1.268167983689143963e+00
-1.258855980934169949e+00
-1.249421961982509766e+00
-1.239781479605364778e+00
-1.229854409482655564e+00
-1.219608427225562286e+00
-1.209126605017603717e+00
-1.198589466623359634e+00
-1.187793613391381342e+00
-1.176492812925318932e+00
-1.164585851421397367e+00
-1.152253482775027482e+00
-1.140115092867509450e+00
-1.127783729891571607e+00
-1.114506660344567690e+00
-1.099972763207001991e+00
-1.084493286855606309e+00
-1.069788270441431655e+00
-1.055510896009216770e+00
-1.039530963152829557e+00
-1.020966422751989899e+00
-1.000199143337606955e+00
-9.809465542896012025e-01
-9.643060696015345323e-01
-9.451800771349664343e-01
-9.212300070670487173e-01
-8.927191726451261244e-01
-8.658133753765934193e-01
-8.461969287402165696e-01
-8.243798776197762690e-01
-7.944718728368932448e-01
-7.560607877828298129e-01
-7.173238923432183611e-01
-6.930910787418192998e-01
-6.709986079335440445e-01
-6.376405878317429332e-01
-5.909330219940881479e-01
-5.392460103859427756e-01
-5.066405882145225137e-01
-4.867751025127184383e-01
-4.547601436107354678e-01
-4.042079959088472063e-01
-3.417318597034970096e-01
-2.952438812883388386e-01
-2.768342443846071865e-01
-2.520730685460735310e-01
-2.050426227752325525e-01
-1.384517392852315787e-01
-7.630268303216729275e-02
-5.290896306859903253e-02
-3.957483035534886673e-02
-4.272362400464169672e-03
5.713399236302720008e-02
1.295009166414174406e-01
1.711557871239637596e-01
1.782643674426531155e-01
1.966389675987064156e-01
2.435594321973725274e-01
3.138039163243950824e-01
3.775941893938501437e-01
3.954923450710656208e-01
3.987101283352378900e-01
4.253520098928370019e-01
4.819843235765770006e-01
5.557790131957432989e-01
6.078525365500248023e-01
6.184344284984562012e-01
6.316444709202022612e-01
6.710910121647619686e-01
7.317211974178561285e-01
7.909987827089489665e-01
8.113851906650917378e-01
7.881081291415052981e-01
7.661898424422325382e-01
7.707282637866287311e-01
8.055529255294513469e-01
8.567847254052627370e-01
8.824832457091296156e-01
8.614725033572345758e-01
8.362411786975069150e-01
8.356004851363296737e-01
8.654368967616890007e-01
9.182147751849046857e-01
9.652797523002756286e-01
9.649317376232209309e-01
9.352389608329074733e-01
9.185032553523984067e-01
9.305318400195137230e-01
9.722005154829899132e-01
1.035558301265619763e+00
1.097968832736366140e+00
1.121404507534677908e+00
1.099145624127185306e+00
1.055082283876137561e+00
1.015145580089853672e+00
9.953762102303435055e-01
1.001403383047928308e+00
1.031756705138322516e+00
1.074765162040391075e+00
1.100821614791498648e+00
1.091878601062682197e+00
1.079187368764293886e+00
1.085453144968647976e+00
1.097323104742219391e+00
1.084792642766072346e+00
1.055842765151257412e+00
1.038001420850045653e+00
1.043810168436057673e+00
1.075013035639343251e+00
1.125989711135456872e+00
1.179802453142369867e+00
1.208213666423646249e+00
1.192776847565840015e+00
1.138194538576726700e+00
1.078047009986070615e+00
1.036961992907755148e+00
1.024309901442143955e+00
1.040854420241479339e+00
1.075607571253681449e+00
1.093526676641966899e+00
1.064177088547298533e+00
1.019505980072807461e+00
9.933786222591473036e-01
9.964977880753537187e-01
1.026264785116291156e+00
1.062548399275917044e+00
1.063342727802544685e+00
1.029286249775476447e+00
1.004742870969520308e+00
1.009658358555824753e+00
1.043339304659876010e+00
1.088409553058194534e+00
1.102832669975021940e+00
1.061813898612223195e+00
9.964273662072657967e-01
9.419543888872378146e-01
9.144765287913840801e-01
9.062917706618194291e-01
8.760614518465300593e-01
8.092263529496910301e-01
7.462581326157688988e-01
7.103093256390445864e-01
7.040758784423444272e-01
7.065571026340238259e-01
6.696825189839017423e-01
6.006272512259686058e-01
5.437965803553106436e-01
5.164950297215259445e-01
5.153379447943730041e-01
5.070848101757885473e-01
4.514415624337819177e-01
3.814738793122858240e-01
3.324832241906822139e-01
3.128519063330614802e-01
3.097520969584202088e-01
2.786063722830818268e-01
2.093823096061420419e-01
1.457118401332270496e-01
1.075632667094533201e-01
9.437786754839333492e-02
8.004618449784647871e-02
2.563865457461431824e-02
-4.266071240595406544e-02
-9.380191736144040393e-02
-1.211377566035456016e-01
-1.349627182055758989e-01
-1.705366810816106304e-01
-2.328105366610864202e-01
-2.883908114448071602e-01
-3.249017338949527489e-01
-3.443830155338030163e-01
-3.666542618885463845e-01
-4.144166981816851392e-01
-4.658000809349497895e-01
-5.044299977681042657e-01
-5.288086531992975958e-01
-5.470690225709811116e-01
-5.793287761464007701e-01
-6.209282612334495743e-01
-6.556968426781659698e-01
-6.805584976484461146e-01
-6.983166672028693345e-01
-7.192465157647549567e-01
-7.484969057738827258e-01
-7.757357335659179620e-01
-7.972645258423844972e-01
-8.138599846426739504e-01
-8.294051469204362093e-01
-8.493077102094459541e-01
-8.696379790797580389e-01
-8.871112031214960503e-01
-9.017386187144150744e-01
-9.147624649434992206e-01
-9.288751545238920215e-01
-9.437994311279859216e-01
-9.575051830411093201e-01
-9.697339227067044432e-01
-9.808663877542291853e-01
-9.918291345497396438e-01
-1.003139676621498833e+00
-1.013990232992014517e+00
-1.024116214497330146e+00
-1.033619823051214803e+00
-1.042773098992075376e+00
-1.051905094123147366e+00
-1.060829956769906657e+00
-1.069382697420677264e+00
-1.077580985707130345e+00
-1.085502120591455011e+00
-1.093269872684033084e+00
-1.100887729642380686e+00
-1.108289085574331256e+00
-1.115472417482378464e+00
-1.122455803621838832e+00
-1.129256305952662798e+00
-1.135887096602039348e+00
-1.142358257799240828e+00
-1.148677802664125558e+00
-1.154852380456376393e+00
-1.160887712596364363e+00
-1.166788859388858457e+00
-1.172560387127685289e+00
-1.178206476731168184e+00
-1.183730997324536460e+00
-1.189137558150005880e+00
-1.194429546609577342e+00
-1.199610157119699760e+00
-1.204682413668099361e+00
-1.209649187913327539e+00
-1.214513214034467659e+00
-1.219277101146204245e+00
-1.223943343844748899e+00
-1.228514331287039685e+00
-1.232992355096476755e+00
-1.237379616313596609e+00
-1.241678231557713952e+00
-1.245890238528006622e+00
-1.250017600945209528e+00
-1.254062213014724314e+00
-1.258025903476634122e+00
-1.261910439296304975e+00
-1.265717529040104150e+00
-1.269448825973531925e+00
-1.273105930913259076e+00
-1.276690394859939071e+00
-1.280203721434811648e+00
-1.283647369140014316e+00
-1.287022753459882152e+00
-1.290331248818358034e+00
-1.293574190405780255e+00
-1.296752875886747258e+00
-1.299868566999444530e+00
-1.302922491055634957e+00
-1.305915842349563594e+00
-1.308849783483128082e+00
-1.311725446613946744e+00
-1.314543934632271815e+00
-1.317306322272143282e+00
-1.320013657161648757e+00
-1.322666960816712978e+00
-1.325267229582443029e+00
-1.327815435525688814e+00
-1.330312527282170088e+00
-1.332759430861228944e+00
-1.335157050411018176e+00
-1.337506268946693000e+00
-1.339807949043981594e+00
-1.342062933500314914e+00
-1.344272045965518858e+00
-1.346436091543937064e+00
-1.348555857369687638e+00
-1.350632113156658098e+00
-1.352665611724697348e+00
-1.354657089503383149e+00
-1.356607267014628970e+00
-1.358516849335312360e+00
-1.360386526541029539e+00
-1.362216974131990499e+00
-1.364008853442026270e+00
-1.365762812031583229e+00
-1.367479484065557305e+00
-1.369159490676733038e+00
-1.370803440315568222e+00
-1.372411929087004046e+00
-1.373985541074945527e+00
-1.375524848655013344e+00
-1.377030412796132808e+00
-1.378502783351494454e+00
-1.379942499339381623e+00
-1.381350089214345100e+00
-1.382726071129155576e+00
-1.384070953187964470e+00
-1.385385233691061480e+00
-1.386669401371599664e+00
-1.387923935624644889e+00
-1.389149306728876709e+00
-1.390345976061259314e+00
-1.391514396304973644e+00
-1.392655011650900443e+00
-1.393768257992912707e+00
-1.394854563117235324e+00
-1.395914346886108826e+00
-1.396948021415985730e+00
-1.397955991250475094e+00
-1.398938653528237985e+00
-1.399896398146034837e+00
-1.400829607917100317e+00
-1.401738658725031339e+00
-1.402623919673349207e+00
-1.403485753230898414e+00
-1.404324515373235105e+00
-1.405140555720146400e+00
-1.405934217669442710e+00
-1.406705838527153807e+00
-1.407455749634252129e+00
-1.408184276490027864e+00
-1.408891738872225963e+00
-1.409578450954059425e+00
-1.410244721418199898e+00
-1.410890853567848380e+00
-1.411517145434981080e+00
-1.412123889885862571e+00
-1.412711374723914615e+00
-1.413279882790025477e+00
-1.413829692060379672e+00
-1.414361075741884521e+00
-1.414874302365274339e+00
-1.415369635875952437e+00
-1.415847335722652200e+00
-1.416307656943973203e+00
-1.416750850252861182e+00
-1.417177162119090728e+00
-1.417586834849809518e+00
-1.417980106668200069e+00
-1.418357211790313821e+00
-1.418718380500129994e+00
-1.419063839222886703e+00
-1.419393810596736971e+00
-1.419708513542773387e+00
-1.420008163333466022e+00
-1.420292971659557590e+00
-1.420563146695460022e+00
-1.420818893163187546e+00
-1.421060412394869577e+00
-1.421287902393880032e+00
-1.421501557894616852e+00
-1.421701570420969452e+00
-1.421888128343507418e+00
-1.422061416935423317e+00
-1.422221618427256029e+00
-1.422368912060437252e+00
-1.422503474139676261e+00
-1.422625478084222017e+00
-1.422735094478025930e+00
-1.422832491118831477e+00
-1.422917833066219551e+00
-1.422991282688631953e+00
-1.423052999709397692e+00
-1.423103141251788495e+00
-1.423141861883120418e+00
-1.423169313657930646e+00
-1.423185646160245010e+00
-1.423191006544961779e+00
-1.423185539578367687e+00
-1.423169387677807540e+00
-1.423142690950528699e+00
-1.423105587231713764e+00
-1.423058212121723898e+00
-1.423000699022567650e+00
-1.422933179173611729e+00
-1.422855781686553023e+00
-1.422768633579664099e+00
-1.422671859811329709e+00
-1.422565583312887405e+00
-1.422449925020790484e+00
-1.422325003908101460e+00
-1.422190937015336720e+00
-1.422047839480667930e+00
-1.421895824569500810e+00
-1.421735003703437750e+00
-1.421565486488639785e+00
-1.421387380743598161e+00
-1.421200792526328138e+00
-1.421005826160994800e+00
-1.420802584263983315e+00
-1.420591167769421848e+00
-1.420371675954171353e+00
-1.420144206462287784e+00
-1.419908855328966490e+00
-1.419665717003984584e+00
-1.419414884374640584e+00
-1.419156448788208458e+00
-1.418890500073910266e+00
-1.418617126564416075e+00
-1.418336415116881133e+00
-1.418048451133526511e+00
-1.417753318581770117e+00
-1.417451100013918053e+00
-1.417141876586420768e+00
-1.416825728078701774e+00
-1.416502732911567808e+00
-1.416172968165201773e+00
-1.415836509596750448e+00
-1.415493431657509404e+00
-1.415143807509711360e+00
-1.414787709042926389e+00
-1.414425206890074449e+00
-1.414056370443060207e+00
-1.413681267868034386e+00
-1.413299966120281637e+00
-1.412912530958748025e+00
-1.412519026960205926e+00
-1.412119517533062307e+00
-1.411714064930816859e+00
-1.411302730265171057e+00
-1.410885573518793734e+00
-1.410462653557746249e+00
-1.410034028143569929e+00
-1.409599753945041334e+00
-1.409159886549596452e+00
-1.408714480474425823e+00
-1.408263589177247255e+00
-1.407807265066755686e+00
-1.407345559512752642e+00
-1.406878522855958824e+00
-1.406406204417511630e+00
-1.405928652508149357e+00
-1.405445914437084332e+00
-1.404958036520564280e+00
-1.404465064090128834e+00
-1.403967041500554513e+00
-1.403464012137498385e+00
-1.402956018424832640e+00
-1.402443101831677863e+00
-1.401925302879130086e+00
-1.401402661146687878e+00
-1.400875215278372776e+00
-1.400343002988549745e+00
-1.399806061067442986e+00
-1.399264425386348876e+00
-1.398718130902545598e+00
-1.398167211663898346e+00
-1.397611700813156999e+00
-1.397051630591951588e+00
-1.396487032344476020e+00
-1.395917936520866043e+00
-1.395344372680263234e+00
-1.394766369493569469e+00
-1.394183954745884968e+00
-1.393597155338629712e+00
-1.393005997291345333e+00
-1.392410505743175042e+00
-1.391810704954017153e+00
-1.391206618305352194e+00
-1.390598268300735629e+00
-1.389985676565956618e+00
-1.389368863848856384e+00
-1.388747850018801300e+00
-1.388122654065811146e+00
-1.387493294099329422e+00
-1.386859787346637507e+00
-1.386222150150905774e+00
-1.385580397968872335e+00
-1.384934545368149639e+00
-1.384284606024144715e+00
-1.383630592716594609e+00
-1.382972517325702588e+00
-1.382310390827874214e+00
-1.381644223291039308e+00
-1.380974023869556477e+00
-1.380299800798688414e+00
-1.379621561388640671e+00
-1.378939312018154784e+00
-1.378253058127642428e+00
-1.377562804211856839e+00
-1.376868553812081508e+00
-1.376170309507834144e+00
-1.375468072908067052e+00
-1.374761844641856134e+00
-1.374051624348561429e+00
-1.373337410667447633e+00
-1.372619201226755070e+00
-1.371896992632194001e+00
-1.371170780454860960e+00
-1.370440559218551568e+00
-1.369706322386455843e+00
-1.368968062347220682e+00
-1.368225770400354868e+00
-1.367479436740965282e+00
-1.366729050443798332e+00
-1.365974599446568627e+00
-1.365216070532550896e+00
-1.364453449312417410e+00
-1.363686720205287362e+00
-1.362915866418975774e+00
-1.362140869929405751e+00
-1.361361711459163848e+00
-1.360578370455165276e+00
-1.359790825065403386e+00
-1.358999052114752359e+00
-1.358203027079787351e+00
-1.357402724062593879e+00
-1.356598115763527623e+00
-1.355789173452890628e+00
-1.354975866941484641e+00
-1.354158164550000487e+00
-1.353336033077206402e+00
-1.352509437766887146e+00
-1.351678342273491928e+00
-1.350842708626441180e+00
-1.350002497193046658e+00
-1.349157666639987596e+00
