-2.716399132997992627e+00
-2.712075405636753977e+00
-2.708523292833227014e+00
-2.705507059882866550e+00
-2.702868361855465640e+00
-2.700497818943265571e+00
-2.698318020375088722e+00
-2.696273010361172062e+00
-2.694321586346605901e+00
-2.692432912456991012e+00
-2.690583579604295839e+00
-2.688755592894021884e+00
-2.686934967217391002e+00
-2.685110730086202491e+00
-2.683274202339701375e+00
-2.681418471732258002e+00
-2.679538002525945650e+00
-2.677628342377079917e+00
-2.675685899755716690e+00
-2.673707773130255205e+00
-2.671691618578682981e+00
-2.669635546228885215e+00
-2.667538038542315526e+00
-2.665397885301594272e+00
-2.663214131482826819e+00
-2.660986035147741013e+00
-2.658713033187559027e+00
-2.656394713264222940e+00
-2.654030790676663809e+00
-2.651621089166415590e+00
-2.649165524893587254e+00
-2.646664092979300609e+00
-2.644116856137393334e+00
-2.641523935016040436e+00
-2.638885499946041158e+00
-2.636201763852040969e+00
-2.633472976129783483e+00
-2.630699417329545042e+00
-2.627881394515360292e+00
-2.625019237193223720e+00
-2.622113293720332639e+00
-2.619163928122744345e+00
-2.616171517261144164e+00
-2.613136448294516967e+00
-2.610059116399713108e+00
-2.606939922711656088e+00
-2.603779272454469940e+00
-2.600577573238396223e+00
-2.597335233501167018e+00
-2.594052661075634258e+00
-2.590730261868110507e+00
-2.587368438634048751e+00
-2.583967589839547774e+00
-2.580528108598697301e+00
-2.577050381678103186e+00
-2.573534788561006259e+00
-2.569981700564358373e+00
-2.566391480002993220e+00
-2.562764479395706729e+00
-2.559101040708623653e+00
-2.555401494631718951e+00
-2.551666159884765861e+00
-2.547895342549334696e+00
-2.544089335423783904e+00
-2.540248417398411451e+00
-2.536372852848185033e+00
-2.532462891040630826e+00
-2.528518765556637682e+00
-2.524540693722058915e+00
-2.520528876048115485e+00
-2.516483495678695004e+00
-2.512404717842728452e+00
-2.508292689309892243e+00
-2.504147537847941418e+00
-2.499969371680016206e+00
-2.495758278940322761e+00
-2.491514327126584050e+00
-2.487237562547712333e+00
-2.482928009765142718e+00
-2.478585671026281023e+00
-2.474210525688538276e+00
-2.469802529632387333e+00
-2.465361614661901957e+00
-2.460887687891208930e+00
-2.456380631115258950e+00
-2.451840300163325104e+00
-2.447266524233584040e+00
-2.442659105207122039e+00
-2.438017816939670901e+00
-2.433342404529332370e+00
-2.428632583558523628e+00
-2.423888039308308873e+00
-2.419108425943253593e+00
-2.414293365664867075e+00
-2.409442447831650291e+00
-2.404555228043696591e+00
-2.399631227189734872e+00
-2.394669930454421003e+00
-2.389670786283616621e+00
-2.384633205305314085e+00
-2.379556559203769073e+00
-2.374440179544333063e+00
-2.369283356546355801e+00
-2.364085337801451026e+00
-2.358845326934297493e+00
-2.353562482203045203e+00
-2.348235915036267496e+00
-2.342864688503293102e+00
-2.337447815714603472e+00
-2.331984258148870115e+00
-2.326472923903033951e+00
-2.320912665861714519e+00
-2.315302279782056161e+00
-2.309640502289973973e+00
-2.303926008783585111e+00
-2.298157411239446279e+00
-2.292333255917030410e+00
-2.286452020956695197e+00
-2.280512113866193680e+00
-2.274511868890591870e+00
-2.268449544260239037e+00
-2.262323319311229319e+00
-2.256131291472581957e+00
-2.249871473114137377e+00
-2.243541788248942570e+00
-2.237140069083670024e+00
-2.230664052410379128e+00
-2.224111375832694026e+00
-2.217479573819234773e+00
-2.210766073576898805e+00
-2.203968190736366850e+00
-2.197083124841959556e+00
-2.190107954637762866e+00
-2.183039633141719893e+00
-2.175874982499172994e+00
-2.168610688607175430e+00
-2.161243295500701045e+00
-2.153769199491750719e+00
-2.146184643052238883e+00
-2.138485708431469678e+00
-2.130668310998979464e+00
-2.122728192303553918e+00
-2.114660912839312346e+00
-2.106461844509926795e+00
-2.098126162782298909e+00
-2.089648838521399821e+00
-2.081024629498473555e+00
-2.072248071565473193e+00
-2.063313469489440166e+00
-2.054214887441604631e+00
-2.044946139137306496e+00
-2.035500777624484670e+00
-2.025872084720464095e+00
-2.016053060099222360e+00
-2.006036410034277129e+00
-1.995814535805896739e+00
-1.985379521785672674e+00
-1.974723123216671539e+00
-1.963836753713664285e+00
-1.952711472515432645e+00
-1.941337971530225692e+00
-1.929706562226314759e+00
-1.917807162432692669e+00
-1.905629283130742202e+00
-1.893162015336683046e+00
-1.880394017197531298e+00
-1.867313501450942548e+00
-1.853908223432740865e+00
-1.840165469856340552e+00
-1.826072048637238598e+00
-1.811614280095088958e+00
-1.796777989937936137e+00
-1.781548504520722442e+00
-1.765910648976672936e+00
-1.749848748949847099e+00
-1.733346636815185082e+00
-1.716387663465101854e+00
-1.698954716976976531e+00
-1.681030249763139084e+00
-1.662596316155884324e+00
-1.643634622808763268e+00
-1.624126594819149894e+00
-1.604053461116516255e+00
-1.583396363441148758e+00
-1.562136494188856695e+00
-1.540255269554019257e+00
-1.517734545807276847e+00
-1.494556888242890569e+00
-1.470705904377629603e+00
-1.446166655436487591e+00
-1.420926163081149829e+00
-1.394974031783615454e+00
-1.368303211268387276e+00
-1.340910928068920205e+00
-1.312799820453892208e+00
-1.283979316696435280e+00
-1.254467302701989917e+00
-1.224292131045867871e+00
-1.193495028961063964e+00
-1.162132966950179869e+00
-1.130282051328516557e+00
-1.098041501610707460e+00
-1.065538265292415021e+00
-1.032932305879267210e+00
-1.000422572026797852e+00
-9.682536121456345457e-01
-9.367227317168870249e-01
-9.061874798693310140e-01
-8.770730423587750346e-01
-8.498786571358903918e-01
-8.251810549599429834e-01
-8.036302393851585402e-01
-7.859271870054623799e-01
-7.727646305752308153e-01
-7.647122954901198755e-01
-7.620646024272818009e-01
-7.647373969316144660e-01
-7.722997653772912807e-01
-7.841124474021878843e-01
-7.994703479406377600e-01
-8.176919056250532281e-01
-8.381594190665280220e-01
-8.603316567049996699e-01
-8.837438831608552814e-01
-9.080027565856834126e-01
-9.327793278631987262e-01
-9.578015307058557193e-01
-9.828467981730408809e-01
-1.007735119404802759e+00
-1.032322694608299285e+00
-1.056496258322662030e+00
-1.080168085490861962e+00
-1.103271658705010427e+00
-1.125757952287107511e+00
-1.147592276093860386e+00
-1.168751616422048833e+00
-1.189222410956935816e+00
-1.208998697589581006e+00
-1.228080581771811675e+00
-1.246472972887598729e+00
-1.264184546212272720e+00
-1.281226892964976827e+00
-1.297613826474251608e+00
-1.313360817438878891e+00
-1.328484535628761565e+00
-1.343002479140198657e+00
-1.356932675534649135e+00
-1.370293441903982501e+00
-1.383103193178536250e+00
-1.395380289887003133e+00
-1.407142918145718680e+00
-1.418408995950064311e+00
-1.429196100907276890e+00
-1.439521415426524342e+00
-1.449401686101442932e+00
-1.458853194610127524e+00
-1.467891737940831831e+00
-1.476532616147492094e+00
-1.484790626163471128e+00
-1.492680060467604264e+00
-1.500214709614350106e+00
-1.507407867818400860e+00
-1.514272340930573391e+00
-1.520820456262051090e+00
-1.527064073812818279e+00
-1.533014598541343920e+00
-1.538682993379347552e+00
-1.544079792750485236e+00
-1.549215116397057779e+00
-1.554098683356187172e+00
-1.558739825957648817e+00
-1.563147503740939692e+00
-1.567330317210080093e+00
-1.571296521361909226e+00
-1.575054038937860668e+00
-1.578610473360934963e+00
-1.581973121329238507e+00
-1.585148985045390146e+00
-1.588144784067617721e+00
-1.590966966773693647e+00
-1.593621721433211125e+00
-1.596114986887244847e+00
-1.598452462837296251e+00
-1.600639619747717290e+00
-1.602681708367646340e+00
-1.604583768879922934e+00
-1.606350639685560466e+00
-1.607986965833220427e+00
-1.609497207103739669e+00
-1.610885645760214535e+00
-1.612156393974434110e+00
-1.613313400940614928e+00
-1.614360459687452343e+00
-1.615301213599480201e+00
-1.616139162658641215e+00
-1.616877669416817209e+00
-1.617519964709881908e+00
-1.618069153123614878e+00
-1.618528218221557013e+00
-1.618900027544617704e+00
-1.619187337391956971e+00
-1.619392797392364525e+00
-1.619518954875054373e+00
-1.619568259048484116e+00
-1.619543064995500048e+00
-1.619445637492794132e+00
-1.619278154662369573e+00
-1.619042711462388429e+00
-1.618741323024500245e+00
-1.618375927844447837e+00
-1.617948390832474770e+00
-1.617460506229773554e+00
-1.616914000396961981e+00
-1.616310534480303929e+00
-1.615651706961152456e+00
-1.614939056093846803e+00
-1.614174062237065055e+00
-1.613358150083411768e+00
-1.612492690791804684e+00
-1.611579004027020146e+00
-1.610618359910555464e+00
-1.609611980886782145e+00
-1.608561043508178079e+00
-1.607466680143252225e+00
-1.606329980610612607e+00
-1.605151993742466754e+00
-1.603933728880687637e+00
-1.602676157308441596e+00
-1.601380213620223758e+00
-1.600046797033023660e+00
-1.598676772641209221e+00
-1.597270972617601981e+00
-1.595830197363096614e+00
-1.594355216607065584e+00
-1.592846770460694339e+00
-1.591305570425275873e+00
-1.589732300357414418e+00
-1.588127617392983026e+00
-1.586492152831601610e+00
-1.584826512983314561e+00
-1.583131279979065553e+00
-1.581407012546501623e+00
-1.579654246752551394e+00
-1.577873496714165658e+00
-1.576065255278541244e+00
-1.574229994674077204e+00
-1.572368167133269434e+00
-1.570480205488671288e+00
-1.568566523743018859e+00
-1.566627517614542553e+00
-1.564663565058457717e+00
-1.562675026765566466e+00
-1.560662246638865325e+00
-1.558625552249006008e+00
-1.556565255269420023e+00
-1.554481651891873151e+00
-1.552375023223184103e+00
-1.550245635663801247e+00
-1.548093741268899315e+00
-1.545919578092627811e+00
-1.543723370516104643e+00
-1.541505329559723858e+00
-1.539265653180319715e+00
-1.537004526553693573e+00
-1.534722122342994322e+00
-1.532418600953405985e+00
-1.530094110773583260e+00
-1.527748788404246882e+00
-1.525382758874322064e+00
-1.522996135845001486e+00
-1.520589021802063900e+00
-1.518161508236790747e+00
-1.515713675815778538e+00
-1.513245594539943673e+00
-1.510757323892984116e+00
-1.508248912979558654e+00
-1.505720400653416169e+00
-1.503171815635696573e+00
-1.500603176623608537e+00
-1.498014492389672769e+00
-1.495405761871702044e+00
-1.492776974253680722e+00
-1.490128109037683002e+00
-1.487459136106964008e+00
-1.484770015780336738e+00
-1.482060698857936565e+00
-1.479331126658461670e+00
-1.476581231047965570e+00
-1.473810934460257016e+00
-1.471020149908961683e+00
-1.468208780991274720e+00
-1.465376721883424604e+00
-1.462523857327858723e+00
-1.459650062612138699e+00
-1.456755203539531474e+00
-1.453839136391254616e+00
-1.450901707880333680e+00
-1.447942755097005652e+00
-1.444962105445592560e+00
-1.441959576572748425e+00
-1.438934976286981637e+00
-1.435888102469318195e+00
-1.432818742974971915e+00
-1.429726675525866186e+00
-1.426611667593827848e+00
-1.423473476274265570e+00
-1.420311848150118017e+00
-1.417126519145844421e+00
-1.413917214371200881e+00
-1.410683647954533715e+00
-1.407425522865290990e+00
-1.404142530725431603e+00
-1.400834351609387518e+00
-1.397500653832206341e+00
-1.394141093725472569e+00
-1.390755315400578951e+00
-1.387342950498881233e+00
-1.383903617928242902e+00
-1.380436923585434350e+00
-1.376942460063816487e+00
-1.373419806345693939e+00
-1.369868527478678821e+00
-1.366288174235362529e+00
-1.362678282755535264e+00
-1.359038374170146835e+00
-1.355367954206127878e+00
-1.351666512771145356e+00
-1.347933523517284238e+00
-1.344168443382571798e+00
-1.340370712109189455e+00
-1.336539751737115367e+00
-1.332674966071855094e+00
-1.328775740124812366e+00
-1.324841439524723441e+00
-1.320871409898475957e+00
-1.316864976219475514e+00
-1.312821442121581805e+00
-1.308740089176473109e+00
-1.304620176132103682e+00
-1.300460938109730735e+00
-1.296261585756752988e+00
-1.292021304352360955e+00
-1.287739252862717398e+00
-1.283414562942088555e+00
-1.279046337875989536e+00
-1.274633651462031558e+00
-1.270175546823721469e+00
-1.265671035151967549e+00
-1.261119094368501559e+00
-1.256518667704785042e+00
-1.251868662189255410e+00
-1.247167947034932833e+00
-1.242415351918467303e+00
-1.237609665140595894e+00
-1.232749631656706368e+00
-1.227833950964697163e+00
-1.222861274835571388e+00
-1.217830204870099742e+00
-1.212739289862407199e+00
-1.207587022948323208e+00
-1.202371838512712010e+00
-1.197092108825540846e+00
-1.191746140370942841e+00
-1.186332169826665117e+00
-1.180848359642621137e+00
-1.175292793156168969e+00
-1.169663469167389058e+00
-1.163958295878771310e+00
-1.158175084078574502e+00
-1.152311539413104935e+00
-1.146365253546259400e+00
-1.140333693938996529e+00
-1.134214191887595424e+00
-1.128003928323049410e+00
-1.121699916671336617e+00
-1.115298981767524289e+00
-1.108797733343033887e+00
-1.102192531860757274e+00
-1.095479443283949195e+00
-1.088654177449780880e+00
-1.081712001643042376e+00
-1.074647616171713338e+00
-1.067454971963538668e+00
-1.060127003434832682e+00
-1.052655255110534149e+00
-1.045029446136323870e+00
-1.037237307687390198e+00
-1.029266024525437473e+00
-1.021109368707028286e+00
-1.012784374348634886e+00
-1.004305380604856746e+00
-9.956186835873829244e-01
-9.866655316785626351e-01
-9.774240632396956618e-01
-9.679463802672865214e-01
-9.583123340983645821e-01
-9.484032058463784942e-01
-9.380540203607251604e-01
-9.272003592596429478e-01
-9.159704887800982354e-01
-9.046570791825998548e-01
-8.930457709631225427e-01
-8.806768641692671595e-01
-8.673515423742266250e-01
-8.533267657425651631e-01
-8.394475950749157311e-01
-8.255051443156139479e-01
-8.103196125824001506e-01
-7.933174679695335074e-01
-7.748938526739722610e-01
-7.569593764824292803e-01
-7.399160755271364520e-01
-7.212184326095185671e-01
-6.993734838239984430e-01
-6.747984953706349653e-01
-6.508481762127759085e-01
-6.298177285444751528e-01
-6.073651689739268944e-01
-5.799855036013785714e-01
-5.477075441719814197e-01
-5.154250706295813167e-01
-4.894149808768489263e-01
-4.643577512551873010e-01
-4.330193561518826950e-01
-3.941596855051376913e-01
-3.532624676342764891e-01
-3.211322139985989255e-01
-2.949486163941531514e-01
-2.626347635420389071e-01
-2.200380593384027028e-01
-1.718007162976899760e-01
-1.318060302845455445e-01
-1.046583753032039599e-01
-7.507259482814296336e-02
-3.356592108726542262e-02
1.793804967815646259e-02
6.576719522128142426e-02
9.554196403393859505e-02
1.195028238919235847e-01
1.544754853205737855e-01
2.034872010922106345e-01
2.567722107195168357e-01
2.944940406501439512e-01
3.154946836149112310e-01
3.408496496376836604e-01
3.814126436782399598e-01
4.337873932559186407e-01
4.810926734657189896e-01
5.066503947278764297e-01
5.237641227362672680e-01
5.523476394997556271e-01
5.973207265909742381e-01
6.502310464380154365e-01
6.910891769377964788e-01
7.117937118887258663e-01
7.313777496722659865e-01
7.636728536560598579e-01
8.070869757813441403e-01
8.485570338378399802e-01
8.687768943375526742e-01
8.657423421398793284e-01
8.607501320099348874e-01
8.694163407576629421e-01
8.944688761273007493e-01
9.264556371852011862e-01
9.444953446805683939e-01
9.400315979783023801e-01
9.315143878747332851e-01
9.357305781926624766e-01
9.572616833427198824e-01
9.906096652641737110e-01
1.019063288849775484e+00
1.024618092977734873e+00
1.014758748124936050e+00
1.010334261183876814e+00
1.022351619877440720e+00
1.052073267459349815e+00
1.093459181950766412e+00
1.131747109111014282e+00
1.147863551425938544e+00
1.137909223473181353e+00
1.114386345145363943e+00
1.092115731296184888e+00
1.081195896612751284e+00
1.085661556773241276e+00
1.104099178258285630e+00
1.128426677479099860e+00
1.143945960384501692e+00
1.143703222079316184e+00
1.139660305097336623e+00
1.142082857497563886e+00
1.145822823201255725e+00
1.139888678885849549e+00
1.127238131262284115e+00
1.120331285722235171e+00
1.127003241328035310e+00
1.148623740966630447e+00
1.180902187824444782e+00
1.212935302156326056e+00
1.229392119794316507e+00
1.219931122688208136e+00
1.188004253112790343e+00
1.150752412009773185e+00
1.123437666868200013e+00
1.113117570190723882e+00
1.119947867787043583e+00
1.135773174539604025e+00
1.142196873490958220e+00
1.126703002945398158e+00
1.102296979392340948e+00
1.086908770029720195e+00
1.088104049763478187e+00
1.103840276212957106e+00
1.121417683328832293e+00
1.121669516080296969e+00
1.105087500397970990e+00
1.091775527826651659e+00
1.094039952504148205e+00
1.111626529424944998e+00
1.132564306063387649e+00
1.134456185470809508e+00
1.106413928511839284e+00
1.063373774861934740e+00
1.024434207208685388e+00
9.987198552317512190e-01
9.807824103423187223e-01
9.512399986010648956e-01
9.041662953822665605e-01
8.577172377640358558e-01
8.258064627324467333e-01
8.098178910619693305e-01
7.967206533797013268e-01
7.646742553722690738e-01
7.162072443761788865e-01
6.725891146725500036e-01
6.448773419253120975e-01
6.303577654060400492e-01
6.107970314774705534e-01
5.688777287472616129e-01
5.181299127126551829e-01
4.775554498592217145e-01
4.527309542133519660e-01
4.351625064458409242e-01
4.034482647197490945e-01
3.531294165004409957e-01
3.040217402478955777e-01
2.684913832294012481e-01
2.459163191325415554e-01
2.215655104561428390e-01
1.785494337026521938e-01
1.273758161190896021e-01
8.450695319919640514e-02
5.455942548476055975e-02
3.084063497844383162e-02
-3.343134284986884561e-03
-5.028315326182742490e-02
-9.473167631862110249e-02
-1.287269129633263898e-01
-1.536484935407466945e-01
-1.802630774362540544e-01
-2.182229300837705832e-01
-2.585583460412661516e-01
-2.921033229800972242e-01
-3.175281717262606884e-01
-3.398859869301593672e-01
-3.683683977267145360e-01
-4.012283489282804094e-01
-4.305770705216752647e-01
-4.540099963422283835e-01
-4.733020199713343645e-01
-4.937814131484841718e-01
-5.177054606856847929e-01
-5.405577400688259537e-01
-5.599225384115682491e-01
-5.761606358688770024e-01
-5.915915894236073447e-01
-6.086944040376290888e-01
-6.258425419704399806e-01
-6.411899701133015883e-01
-6.545959683174613630e-01
-6.668712250601471769e-01
-6.793983837647691315e-01
-6.921021806566797219e-01
-7.039688045081931023e-01
-7.147568563336885727e-01
-7.247070629502929684e-01
-7.343632771350080413e-01
-7.439911149986980776e-01
-7.532223272948171955e-01
-7.618774940607249135e-01
-7.700136522300455866e-01
-7.778114537975447940e-01
-7.854499918651203227e-01
-7.928552832393935823e-01
-7.999345731298037609e-01
-8.066951719862466286e-01
-8.131933456902646906e-01
-8.195056150162709496e-01
-8.256424498148244862e-01
-8.315722624660699669e-01
-8.372930788103124522e-01
-8.428178515341900878e-01
-8.481611130388533315e-01
-8.533354547752796115e-01
-8.583512459967781449e-01
-8.632170810072603562e-01
-8.679402478987231495e-01
-8.725270803935532005e-01
-8.769832004578668183e-01
-8.813136829729862898e-01
-8.855231688122786604e-01
-8.896159443407838374e-01
-8.935959989131179171e-01
-8.974670676947404946e-01
-9.012326644652075558e-01
-9.048961074096339985e-01
-9.084605398760646766e-01
-9.119289474279055341e-01
-9.153041721048037482e-01
-9.185889245336580355e-01
-9.217857943504110807e-01
-9.248972592702471296e-01
-9.279256930585159102e-01
-9.308733725945053106e-01
-9.337424841768203754e-01
-9.365351291874418616e-01
-9.392533292078963925e-01
-9.418990306631466192e-01
-9.444741090550886620e-01
-9.469803728369038387e-01
-9.494195669711055219e-01
-9.517933762074192172e-01
-9.541034281112406035e-01
-9.563512958690069121e-01
-9.585385008932013617e-01
-9.606665152467032120e-01
-9.627367639036903402e-01
-9.647506268621808267e-01
-9.667094411215022554e-01
-9.686145025364618633e-01
-9.704670675586531958e-01
-9.722683548742246940e-01
-9.740195469464346667e-01
-9.757217914704749973e-01
-9.773762027472838732e-01
-9.789838629824243466e-01
-9.805458235155184443e-01
-9.820631059852129585e-01
-9.835367034342094028e-01
-9.849675813584756190e-01
-9.863566787044046880e-01
-9.877049088173572855e-01
-9.890131603447466224e-01
-9.902822980965522159e-01
-9.915131638659236968e-01
-9.927065772123274678e-01
-9.938633362094864143e-01
-9.949842181602068791e-01
-9.960699802800145886e-01
-9.971213603513914281e-01
-9.981390773502657465e-01
-9.991238320462985101e-01
-1.000076307578392276e+00
-1.000997170006756809e+00
-1.001887068842772122e+00
-1.002746637557803133e+00
-1.003576494072054182e+00
-1.004377241224467143e+00
-1.005149467224614623e+00
-1.005893746087470841e+00
-1.006610638051895323e+00
-1.007300689983606556e+00
-1.007964435763381017e+00
-1.008602396661166356e+00
-1.009215081696756000e+00
-1.009802987987640233e+00
-1.010366601084605076e+00
-1.010906395295630089e+00
-1.011422833998586013e+00
-1.011916369943233862e+00
-1.012387445542968445e+00
-1.012836493156753059e+00
-1.013263935361646162e+00
-1.013670185216318576e+00
-1.014055646515923836e+00
-1.014420714038677174e+00
-1.014765773784471303e+00
-1.015091203205850556e+00
-1.015397371431640883e+00
-1.015684639483520391e+00
-1.015953360485806867e+00
-1.016203879868717408e+00
-1.016436535565350407e+00
-1.016651658202622155e+00
-1.016849571286387421e+00
-1.017030591380950977e+00
-1.017195028283183644e+00
-1.017343185191430521e+00
-1.017475358869404101e+00
-1.017591839805236154e+00
-1.017692912365863567e+00
-1.017778854946907785e+00
-1.017849940118209062e+00
-1.017906434765158963e+00
-1.017948600225982547e+00
-1.017976692425101248e+00
-1.017990962002712552e+00
-1.017991654440712157e+00
-1.017979010185080524e+00
-1.017953264764847932e+00
-1.017914648907755293e+00
-1.017863388652714196e+00
-1.017799705459170312e+00
-1.017723816313472085e+00
-1.017635933832337303e+00
-1.017536266363511466e+00
-1.017425018083706778e+00
-1.017302389093905024e+00
-1.017168575512108930e+00
-1.017023769563618396e+00
-1.016868159668911753e+00
-1.016701930529198883e+00
-1.016525263209725471e+00
-1.016338335220887235e+00
-1.016141320597228725e+00
-1.015934389974383789e+00
-1.015717710664021611e+00
-1.015491446726856983e+00
-1.015255759043780293e+00
-1.015010805385166748e+00
-1.014756740478411912e+00
-1.014493716073748830e+00
-1.014221881008395387e+00
-1.013941381269080066e+00
-1.013652360052990753e+00
-1.013354957827193648e+00
-1.013049312386565592e+00
-1.012735558910277556e+00
-1.012413830016875904e+00
-1.012084255817995215e+00
-1.011746963970743929e+00
-1.011402079728798364e+00
-1.011049725992239967e+00
-1.010690023356170641e+00
-1.010323090158139259e+00
-1.009949042524412866e+00
-1.009567994415121461e+00
-1.009180057668307207e+00
-1.008785342042908484e+00
-1.008383955260707454e+00
-1.007976003047263980e+00
-1.007561589171869665e+00
-1.007140815486541996e+00
-1.006713781964087007e+00
-1.006280586735250449e+00
-1.005841326124987889e+00
-1.005396094687869946e+00
-1.004944985242645972e+00
-1.004488088905992393e+00
-1.004025495125459022e+00
-1.003557291711641097e+00
-1.003083564869587940e+00
-1.002604399229477972e+00
-1.002119877876566312e+00
-1.001630082380434494e+00
-1.001135092823549844e+00
-1.000634987829157163e+00
-1.000129844588518724e+00
-9.996197388875147638e-01
-9.991047451326227069e-01
-9.985849363762898667e-01
-9.980603843417139576e-01
-9.975311594470432919e-01
-9.969973308290142056e-01
-9.964589663660344820e-01
-9.959161327007299835e-01
-9.953688952619638153e-01
-9.948173182863400132e-01
-9.942614648392066323e-01
-9.937013968351663395e-01
-9.931371750581066138e-01
-9.925688591807603212e-01
-9.919965077838084344e-01
-9.914201783745318908e-01
-9.908399274050243566e-01
-9.902558102899773340e-01
-9.896678814240419397e-01
-9.890761941987805672e-01
-9.884808010192153160e-01
-9.878817533199810708e-01
-9.872791015810943316e-01
-9.866728953433401283e-01
-9.860631832232913396e-01
-9.854500129279623044e-01
-9.848334312691074954e-01
-9.842134841771705833e-01
-9.835902167148902198e-01
-9.829636730905705333e-01
-9.823338966710222220e-01
-9.817009299941793499e-01
-9.810648147813977316e-01
-9.804255919494433424e-01
-9.797833016221730862e-01
-9.791379831419140256e-01
-9.784896750805469612e-01
-9.778384152502992421e-01
-9.771842407142521392e-01
-9.765271877965633340e-01
-9.758672920924166272e-01
-9.752045884776946449e-01
-9.745391111183859811e-01
-9.738708934797238870e-01
-9.731999683350679442e-01
-9.725263677745233926e-01
-9.718501232133115453e-01
-9.711712653998836320e-01
-9.704898244237918359e-01
-9.698058297233126401e-01
-9.691193100928293669e-01
-9.684302936899755743e-01
-9.677388080425399774e-01
-9.670448800551399993e-01
-9.663485360156598425e-01
-9.656498016014617436e-01
-9.649487018853666331e-01
-9.642452613414084217e-01
-9.635395038503662413e-01
-9.628314527050699789e-01
-9.621211306154865417e-01
-9.614085597135837435e-01
-9.606937615579758116e-01
-9.599767571383490683e-01
-9.592575668796702315e-01
-9.585362106461777776e-01
-9.578127077451545901e-01
-9.570870769304863357e-01
-9.563593364060011259e-01
-9.556295038285949062e-01
-9.548975963111373533e-01
-9.541636304251643885e-01
-9.534276222033494230e-01
-9.526895871417592199e-01
-9.519495402018889330e-01
-9.512074958124792090e-01
-9.504634678711102458e-01
-9.497174697455741388e-01
-9.489695142750236290e-01
-9.482196137708948092e-01
-9.474677800176013465e-01
-9.467140242730021082e-01
-9.459583572686324215e-01
-9.452007892097049613e-01
-9.444413297748697200e-01
-9.436799881157393877e-01
-9.429167728561652639e-01
-9.421516920912709203e-01
-9.413847533862349515e-01
-9.406159637748195967e-01
-9.398453297576404575e-01
-9.390728573001756452e-01
-9.382985518305081429e-01
-9.375224182367942749e-01
-9.367444608644581727e-01
-9.359646835131016918e-01
-9.351830894331287780e-01
-9.343996813220729614e-01
-9.336144613206276421e-01
-9.328274310083669585e-01
-9.320385913991535709e-01
-9.312479429362254812e-01
-9.304554854869526714e-01
-9.296612183372571225e-01
-9.288651401856862222e-01
-9.280672491371324551e-01
-9.272675426961874967e-01
-9.264660177601224955e-01
-9.256626706114848835e-01
-9.248574969102977272e-01
-9.240504916858547357e-01
-9.232416493280943826e-01
-9.224309635785453709e-01
-9.216184275208247900e-01
-9.208040335706825230e-01
-9.199877734655701467e-01
-9.191696382537244414e-01
-9.183496182827485255e-01
-9.175277031876725164e-01
-9.167038818784809528e-01
-9.158781425270818843e-01
-9.150504725537079720e-01
-9.142208586127205105e-01
-9.133892865778052705e-01
-9.125557415265294070e-01
-9.117202077242435587e-01
-9.108826686073049350e-01
-9.100431067655913031e-01
-9.092015039242887786e-01
-9.083578409249168928e-01
-9.075120977055725069e-01
-9.066642532803529386e-01
