1.000000000000000000e+09
1.099099099099099159e+09
1.198198198198198318e+09
1.297297297297297239e+09
1.396396396396396399e+09
1.495495495495495558e+09
1.594594594594594479e+09
1.693693693693693638e+09
1.792792792792792797e+09
1.891891891891891956e+09
1.990990990990991116e+09
2.090090090090090036e+09
2.189189189189188957e+09
2.288288288288288116e+09
2.387387387387387276e+09
2.486486486486486435e+09
2.585585585585585594e+09
2.684684684684684753e+09
2.783783783783783913e+09
2.882882882882883072e+09
2.981981981981982231e+09
3.081081081081081390e+09
3.180180180180180073e+09
3.279279279279279232e+09
3.378378378378378391e+09
3.477477477477477551e+09
3.576576576576576710e+09
3.675675675675675869e+09
3.774774774774774551e+09
3.873873873873873711e+09
3.972972972972972870e+09
4.072072072072072029e+09
4.171171171171171188e+09
4.270270270270270348e+09
4.369369369369369507e+09
4.468468468468468666e+09
4.567567567567567825e+09
4.666666666666666031e+09
4.765765765765766144e+09
4.864864864864864349e+09
4.963963963963964462e+09
5.063063063063062668e+09
5.162162162162162781e+09
5.261261261261260986e+09
5.360360360360360146e+09
5.459459459459459305e+09
5.558558558558558464e+09
5.657657657657657623e+09
5.756756756756756783e+09
5.855855855855855942e+09
5.954954954954955101e+09
6.054054054054054260e+09
6.153153153153153419e+09
6.252252252252252579e+09
6.351351351351351738e+09
6.450450450450450897e+09
6.549549549549549103e+09
6.648648648648648262e+09
6.747747747747747421e+09
6.846846846846846581e+09
6.945945945945945740e+09
7.045045045045044899e+09
7.144144144144144058e+09
7.243243243243243217e+09
7.342342342342342377e+09
7.441441441441441536e+09
7.540540540540540695e+09
7.639639639639639854e+09
7.738738738738739014e+09
7.837837837837838173e+09
7.936936936936937332e+09
8.036036036036036491e+09
8.135135135135135651e+09
8.234234234234233856e+09
8.333333333333333015e+09
8.432432432432432175e+09
8.531531531531531334e+09
8.630630630630630493e+09
8.729729729729728699e+09
8.828828828828828812e+09
8.927927927927928925e+09
9.027027027027027130e+09
9.126126126126125336e+09
9.225225225225225449e+09
9.324324324324325562e+09
9.423423423423423767e+09
9.522522522522521973e+09
9.621621621621622086e+09
9.720720720720720291e+09
9.819819819819820404e+09
9.918918918918918610e+09
1.001801801801801872e+10
1.011711711711711693e+10
1.021621621621621704e+10
1.031531531531531525e+10
1.041441441441441536e+10
1.051351351351351357e+10
1.061261261261261177e+10
1.071171171171171188e+10
1.081081081081081009e+10
1.090990990990991020e+10
1.100900900900900841e+10
1.110810810810810852e+10
1.120720720720720673e+10
1.130630630630630684e+10
1.140540540540540504e+10
1.150450450450450516e+10
1.160360360360360336e+10
1.170270270270270348e+10
1.180180180180180168e+10
1.190090090090090179e+10
1.200000000000000000e+10
1.209909909909909821e+10
1.219819819819819832e+10
1.229729729729729652e+10
1.239639639639639664e+10
1.249549549549549484e+10
1.259459459459459496e+10
1.269369369369369316e+10
1.279279279279279327e+10
1.289189189189189148e+10
1.299099099099099159e+10
1.309009009009008980e+10
1.318918918918918991e+10
1.328828828828828812e+10
1.338738738738738823e+10
1.348648648648648643e+10
1.358558558558558655e+10
1.368468468468468475e+10
1.378378378378378296e+10
1.388288288288288307e+10
1.398198198198198128e+10
1.408108108108108139e+10
1.418018018018017960e+10
1.427927927927927971e+10
1.437837837837837791e+10
1.447747747747747803e+10
1.457657657657657623e+10
1.467567567567567635e+10
1.477477477477477455e+10
1.487387387387387466e+10
1.497297297297297287e+10
1.507207207207207298e+10
1.517117117117117119e+10
1.527027027027027130e+10
1.536936936936936951e+10
1.546846846846846771e+10
1.556756756756756783e+10
1.566666666666666603e+10
1.576576576576576614e+10
1.586486486486486435e+10
1.596396396396396446e+10
1.606306306306306267e+10
1.616216216216216278e+10
1.626126126126126099e+10
1.636036036036036110e+10
1.645945945945945930e+10
1.655855855855855942e+10
1.665765765765765762e+10
1.675675675675675774e+10
1.685585585585585594e+10
1.695495495495495415e+10
1.705405405405405426e+10
1.715315315315315247e+10
1.725225225225225067e+10
1.735135135135134888e+10
1.745045045045045090e+10
1.754954954954954910e+10
1.764864864864865112e+10
1.774774774774774933e+10
1.784684684684684753e+10
1.794594594594594574e+10
1.804504504504504395e+10
1.814414414414414215e+10
1.824324324324324417e+10
1.834234234234234238e+10
1.844144144144144058e+10
1.854054054054053879e+10
1.863963963963964081e+10
1.873873873873873901e+10
1.883783783783783722e+10
1.893693693693693542e+10
1.903603603603603745e+10
1.913513513513513565e+10
1.923423423423423386e+10
1.933333333333333206e+10
1.943243243243243408e+10
1.953153153153153229e+10
1.963063063063063049e+10
1.972972972972972870e+10
1.982882882882883072e+10
1.992792792792792892e+10
2.002702702702702713e+10
2.012612612612612534e+10
2.022522522522522354e+10
2.032432432432432556e+10
2.042342342342342377e+10
2.052252252252252197e+10
2.062162162162162018e+10
2.072072072072072220e+10
2.081981981981982040e+10
2.091891891891891861e+10
2.101801801801801682e+10
2.111711711711711884e+10
2.121621621621621704e+10
2.131531531531531525e+10
2.141441441441441345e+10
2.151351351351351547e+10
2.161261261261261368e+10
2.171171171171171188e+10
2.181081081081081009e+10
2.190990990990990829e+10
2.200900900900901031e+10
2.210810810810810852e+10
2.220720720720720673e+10
2.230630630630630493e+10
2.240540540540540695e+10
2.250450450450450516e+10
2.260360360360360336e+10
2.270270270270270157e+10
2.280180180180180359e+10
2.290090090090090179e+10
2.300000000000000000e+10
2.309909909909909821e+10
2.319819819819819641e+10
2.329729729729729843e+10
2.339639639639639664e+10
2.349549549549549484e+10
2.359459459459459305e+10
2.369369369369369507e+10
2.379279279279279327e+10
2.389189189189189148e+10
2.399099099099098969e+10
2.409009009009009171e+10
2.418918918918918991e+10
2.428828828828828812e+10
2.438738738738738632e+10
2.448648648648648834e+10
2.458558558558558655e+10
2.468468468468468475e+10
2.478378378378378296e+10
2.488288288288288116e+10
2.498198198198198318e+10
2.508108108108108139e+10
2.518018018018017960e+10
2.527927927927927780e+10
2.537837837837837982e+10
2.547747747747747803e+10
2.557657657657657623e+10
2.567567567567567444e+10
2.577477477477477646e+10
2.587387387387387466e+10
2.597297297297297287e+10
2.607207207207207108e+10
2.617117117117117310e+10
2.627027027027027130e+10
2.636936936936936951e+10
2.646846846846846771e+10
2.656756756756756592e+10
2.666666666666666794e+10
2.676576576576576614e+10
2.686486486486486435e+10
2.696396396396396255e+10
2.706306306306306458e+10
2.716216216216216278e+10
2.726126126126126099e+10
2.736036036036035919e+10
2.745945945945946121e+10
2.755855855855855942e+10
2.765765765765765762e+10
2.775675675675675583e+10
2.785585585585585785e+10
2.795495495495495605e+10
2.805405405405405426e+10
2.815315315315315247e+10
2.825225225225225067e+10
2.835135135135135269e+10
2.845045045045045090e+10
2.854954954954954910e+10
2.864864864864864731e+10
2.874774774774774933e+10
2.884684684684684753e+10
2.894594594594594574e+10
2.904504504504504395e+10
2.914414414414414597e+10
2.924324324324324417e+10
2.934234234234234238e+10
2.944144144144144058e+10
2.954054054054054260e+10
2.963963963963964081e+10
2.973873873873873901e+10
2.983783783783783722e+10
2.993693693693693542e+10
3.003603603603603745e+10
3.013513513513513565e+10
3.023423423423423386e+10
3.033333333333333206e+10
3.043243243243243408e+10
3.053153153153153229e+10
3.063063063063063049e+10
3.072972972972972870e+10
3.082882882882883072e+10
3.092792792792792892e+10
3.102702702702702713e+10
3.112612612612612534e+10
3.122522522522522354e+10
3.132432432432432556e+10
3.142342342342342377e+10
3.152252252252252197e+10
3.162162162162162018e+10
3.172072072072072220e+10
3.181981981981982040e+10
3.191891891891891861e+10
3.201801801801801682e+10
3.211711711711711884e+10
3.221621621621621704e+10
3.231531531531531525e+10
3.241441441441441345e+10
3.251351351351351547e+10
3.261261261261261368e+10
3.271171171171171188e+10
3.281081081081081009e+10
3.290990990990990829e+10
3.300900900900901031e+10
3.310810810810810852e+10
3.320720720720720673e+10
3.330630630630630493e+10
3.340540540540540695e+10
3.350450450450450516e+10
3.360360360360360336e+10
3.370270270270270157e+10
3.380180180180180359e+10
3.390090090090090179e+10
3.400000000000000000e+10
3.409909909909909821e+10
3.419819819819820023e+10
3.429729729729729843e+10
3.439639639639639282e+10
3.449549549549549866e+10
3.459459459459458923e+10
3.469369369369369507e+10
3.479279279279279327e+10
3.489189189189189148e+10
3.499099099099098969e+10
3.509009009009008789e+10
3.518918918918919373e+10
3.528828828828828430e+10
3.538738738738739014e+10
3.548648648648648834e+10
3.558558558558558655e+10
3.568468468468468475e+10
3.578378378378378296e+10
3.588288288288288116e+10
3.598198198198197937e+10
3.608108108108107758e+10
3.618018018018018341e+10
3.627927927927928162e+10
3.637837837837837982e+10
3.647747747747747803e+10
3.657657657657657623e+10
3.667567567567567444e+10
3.677477477477477264e+10
3.687387387387387085e+10
3.697297297297297668e+10
3.707207207207207489e+10
3.717117117117117310e+10
3.727027027027027130e+10
3.736936936936936951e+10
3.746846846846846771e+10
3.756756756756756592e+10
3.766666666666666412e+10
3.776576576576576233e+10
3.786486486486486816e+10
3.796396396396396637e+10
3.806306306306306458e+10
3.816216216216216278e+10
3.826126126126126099e+10
3.836036036036035919e+10
3.845945945945945740e+10
3.855855855855855560e+10
3.865765765765766144e+10
3.875675675675675964e+10
3.885585585585585785e+10
3.895495495495495605e+10
3.905405405405405426e+10
3.915315315315315247e+10
3.925225225225225067e+10
3.935135135135134888e+10
3.945045045045044708e+10
3.954954954954955292e+10
3.964864864864865112e+10
3.974774774774774933e+10
3.984684684684684753e+10
3.994594594594594574e+10
4.004504504504504395e+10
4.014414414414414215e+10
4.024324324324324036e+10
4.034234234234234619e+10
4.044144144144144440e+10
4.054054054054054260e+10
4.063963963963964081e+10
4.073873873873873901e+10
4.083783783783783722e+10
4.093693693693693542e+10
4.103603603603603363e+10
4.113513513513513184e+10
4.123423423423423767e+10
4.133333333333333588e+10
4.143243243243243408e+10
4.153153153153153229e+10
4.163063063063063049e+10
4.172972972972972870e+10
4.182882882882882690e+10
4.192792792792792511e+10
4.202702702702703094e+10
4.212612612612612915e+10
4.222522522522522736e+10
4.232432432432432556e+10
4.242342342342342377e+10
4.252252252252252197e+10
4.262162162162162018e+10
4.272072072072071838e+10
4.281981981981981659e+10
4.291891891891892242e+10
4.301801801801802063e+10
4.311711711711711884e+10
4.321621621621621704e+10
4.331531531531531525e+10
4.341441441441441345e+10
4.351351351351351166e+10
4.361261261261260986e+10
4.371171171171171570e+10
4.381081081081081390e+10
4.390990990990991211e+10
4.400900900900901031e+10
4.410810810810810852e+10
4.420720720720720673e+10
4.430630630630630493e+10
4.440540540540540314e+10
4.450450450450450134e+10
4.460360360360360718e+10
4.470270270270270538e+10
4.480180180180180359e+10
4.490090090090090179e+10
4.500000000000000000e+10
4.509909909909909821e+10
4.519819819819819641e+10
4.529729729729729462e+10
4.539639639639639282e+10
4.549549549549549866e+10
4.559459459459459686e+10
4.569369369369369507e+10
4.579279279279279327e+10
4.589189189189189148e+10
4.599099099099098969e+10
4.609009009009008789e+10
4.618918918918918610e+10
4.628828828828829193e+10
4.638738738738739014e+10
4.648648648648648834e+10
4.658558558558558655e+10
4.668468468468468475e+10
4.678378378378378296e+10
4.688288288288288116e+10
4.698198198198197937e+10
4.708108108108107758e+10
4.718018018018018341e+10
4.727927927927928162e+10
4.737837837837837982e+10
4.747747747747747803e+10
4.757657657657657623e+10
4.767567567567567444e+10
4.777477477477477264e+10
4.787387387387387085e+10
4.797297297297297668e+10
4.807207207207207489e+10
4.817117117117117310e+10
4.827027027027027130e+10
4.836936936936936951e+10
4.846846846846846771e+10
4.856756756756756592e+10
4.866666666666666412e+10
4.876576576576576233e+10
4.886486486486486816e+10
4.896396396396396637e+10
4.906306306306306458e+10
4.916216216216216278e+10
4.926126126126126099e+10
4.936036036036035919e+10
4.945945945945945740e+10
4.955855855855855560e+10
4.965765765765766144e+10
4.975675675675675964e+10
4.985585585585585785e+10
4.995495495495495605e+10
5.005405405405405426e+10
5.015315315315315247e+10
5.025225225225225067e+10
5.035135135135134888e+10
5.045045045045044708e+10
5.054954954954955292e+10
5.064864864864865112e+10
5.074774774774774933e+10
5.084684684684684753e+10
5.094594594594594574e+10
5.104504504504504395e+10
5.114414414414414215e+10
5.124324324324324036e+10
5.134234234234234619e+10
5.144144144144144440e+10
5.154054054054054260e+10
5.163963963963964081e+10
5.173873873873873901e+10
5.183783783783783722e+10
5.193693693693693542e+10
5.203603603603603363e+10
5.213513513513513184e+10
5.223423423423423767e+10
5.233333333333333588e+10
5.243243243243243408e+10
5.253153153153153229e+10
5.263063063063063049e+10
5.272972972972972870e+10
5.282882882882882690e+10
5.292792792792792511e+10
5.302702702702703094e+10
5.312612612612612915e+10
5.322522522522522736e+10
5.332432432432432556e+10
5.342342342342342377e+10
5.352252252252252197e+10
5.362162162162162018e+10
5.372072072072071838e+10
5.381981981981981659e+10
5.391891891891892242e+10
5.401801801801802063e+10
5.411711711711711884e+10
5.421621621621621704e+10
5.431531531531531525e+10
5.441441441441441345e+10
5.451351351351351166e+10
5.461261261261260986e+10
5.471171171171171570e+10
5.481081081081081390e+10
5.490990990990991211e+10
5.500900900900901031e+10
5.510810810810810852e+10
5.520720720720720673e+10
5.530630630630630493e+10
5.540540540540540314e+10
5.550450450450450134e+10
5.560360360360360718e+10
5.570270270270270538e+10
5.580180180180180359e+10
5.590090090090090179e+10
5.600000000000000000e+10
5.609909909909909821e+10
5.619819819819819641e+10
5.629729729729729462e+10
5.639639639639640045e+10
5.649549549549549866e+10
5.659459459459459686e+10
5.669369369369369507e+10
5.679279279279279327e+10
5.689189189189189148e+10
5.699099099099098969e+10
5.709009009009008789e+10
5.718918918918918610e+10
5.728828828828829193e+10
5.738738738738739014e+10
5.748648648648648834e+10
5.758558558558558655e+10
5.768468468468468475e+10
5.778378378378378296e+10
5.788288288288288116e+10
5.798198198198197937e+10
5.808108108108108521e+10
5.818018018018018341e+10
5.827927927927928162e+10
5.837837837837837982e+10
5.847747747747747803e+10
5.857657657657657623e+10
5.867567567567567444e+10
5.877477477477477264e+10
5.887387387387387085e+10
5.897297297297297668e+10
5.907207207207207489e+10
5.917117117117117310e+10
5.927027027027027130e+10
5.936936936936936951e+10
5.946846846846846771e+10
5.956756756756756592e+10
5.966666666666666412e+10
5.976576576576576233e+10
5.986486486486486816e+10
5.996396396396396637e+10
6.006306306306306458e+10
6.016216216216216278e+10
6.026126126126126099e+10
6.036036036036035919e+10
6.045945945945945740e+10
6.055855855855855560e+10
6.065765765765766144e+10
6.075675675675675964e+10
6.085585585585585785e+10
6.095495495495495605e+10
6.105405405405405426e+10
6.115315315315315247e+10
6.125225225225225067e+10
6.135135135135134888e+10
6.145045045045044708e+10
6.154954954954955292e+10
6.164864864864865112e+10
6.174774774774774933e+10
6.184684684684684753e+10
6.194594594594594574e+10
6.204504504504504395e+10
6.214414414414414215e+10
6.224324324324324036e+10
6.234234234234234619e+10
6.244144144144144440e+10
6.254054054054054260e+10
6.263963963963964081e+10
6.273873873873873901e+10
6.283783783783783722e+10
6.293693693693693542e+10
6.303603603603603363e+10
6.313513513513513184e+10
6.323423423423423767e+10
6.333333333333333588e+10
6.343243243243243408e+10
6.353153153153153229e+10
6.363063063063063049e+10
6.372972972972972870e+10
6.382882882882882690e+10
6.392792792792792511e+10
6.402702702702703094e+10
6.412612612612612915e+10
6.422522522522522736e+10
6.432432432432432556e+10
6.442342342342342377e+10
6.452252252252252197e+10
6.462162162162162018e+10
6.472072072072071838e+10
6.481981981981981659e+10
6.491891891891892242e+10
6.501801801801802063e+10
6.511711711711711884e+10
6.521621621621621704e+10
6.531531531531531525e+10
6.541441441441441345e+10
6.551351351351351166e+10
6.561261261261260986e+10
6.571171171171171570e+10
6.581081081081081390e+10
6.590990990990991211e+10
6.600900900900901031e+10
6.610810810810810852e+10
6.620720720720720673e+10
6.630630630630630493e+10
6.640540540540540314e+10
6.650450450450450134e+10
6.660360360360360718e+10
6.670270270270270538e+10
6.680180180180180359e+10
6.690090090090090179e+10
6.700000000000000000e+10
6.709909909909909821e+10
6.719819819819819641e+10
6.729729729729729462e+10
6.739639639639640045e+10
6.749549549549549866e+10
6.759459459459459686e+10
6.769369369369369507e+10
6.779279279279279327e+10
6.789189189189189148e+10
6.799099099099098969e+10
6.809009009009008789e+10
6.818918918918918610e+10
6.828828828828829193e+10
6.838738738738739014e+10
6.848648648648648834e+10
6.858558558558558655e+10
6.868468468468468475e+10
6.878378378378378296e+10
6.888288288288287354e+10
6.898198198198197937e+10
6.908108108108108521e+10
6.918018018018017578e+10
6.927927927927928162e+10
6.937837837837838745e+10
6.947747747747747803e+10
6.957657657657656860e+10
6.967567567567567444e+10
6.977477477477478027e+10
6.987387387387387085e+10
6.997297297297297668e+10
7.007207207207206726e+10
7.017117117117117310e+10
7.027027027027026367e+10
7.036936936936936951e+10
7.046846846846847534e+10
7.056756756756756592e+10
7.066666666666667175e+10
7.076576576576576233e+10
7.086486486486486816e+10
7.096396396396395874e+10
7.106306306306306458e+10
7.116216216216215515e+10
7.126126126126126099e+10
7.136036036036036682e+10
7.145945945945945740e+10
7.155855855855856323e+10
7.165765765765765381e+10
7.175675675675675964e+10
7.185585585585585022e+10
7.195495495495495605e+10
7.205405405405406189e+10
7.215315315315315247e+10
7.225225225225225830e+10
7.235135135135134888e+10
7.245045045045045471e+10
7.254954954954954529e+10
7.264864864864865112e+10
7.274774774774774170e+10
7.284684684684684753e+10
7.294594594594595337e+10
7.304504504504504395e+10
7.314414414414414978e+10
7.324324324324324036e+10
7.334234234234234619e+10
7.344144144144143677e+10
7.354054054054054260e+10
7.363963963963963318e+10
7.373873873873873901e+10
7.383783783783784485e+10
7.393693693693693542e+10
7.403603603603604126e+10
7.413513513513513184e+10
7.423423423423423767e+10
7.433333333333332825e+10
7.443243243243243408e+10
7.453153153153152466e+10
7.463063063063063049e+10
7.472972972972973633e+10
7.482882882882882690e+10
7.492792792792793274e+10
7.502702702702702332e+10
7.512612612612612915e+10
7.522522522522521973e+10
7.532432432432432556e+10
7.542342342342343140e+10
7.552252252252252197e+10
7.562162162162162781e+10
7.572072072072071838e+10
7.581981981981982422e+10
7.591891891891891479e+10
7.601801801801802063e+10
7.611711711711711121e+10
7.621621621621621704e+10
7.631531531531532288e+10
7.641441441441441345e+10
7.651351351351351929e+10
7.661261261261260986e+10
7.671171171171171570e+10
7.681081081081080627e+10
7.690990990990991211e+10
7.700900900900900269e+10
7.710810810810810852e+10
7.720720720720721436e+10
7.730630630630630493e+10
7.740540540540541077e+10
7.750450450450450134e+10
7.760360360360360718e+10
7.770270270270269775e+10
7.780180180180180359e+10
7.790090090090089417e+10
7.800000000000000000e+10
7.809909909909910583e+10
7.819819819819819641e+10
7.829729729729730225e+10
7.839639639639639282e+10
7.849549549549549866e+10
7.859459459459458923e+10
7.869369369369369507e+10
7.879279279279278564e+10
7.889189189189189148e+10
7.899099099099099731e+10
7.909009009009008789e+10
7.918918918918919373e+10
7.928828828828828430e+10
7.938738738738739014e+10
7.948648648648648071e+10
7.958558558558558655e+10
7.968468468468469238e+10
7.978378378378378296e+10
7.988288288288288879e+10
7.998198198198197937e+10
8.008108108108108521e+10
8.018018018018017578e+10
8.027927927927928162e+10
8.037837837837837219e+10
8.047747747747747803e+10
8.057657657657658386e+10
8.067567567567567444e+10
8.077477477477478027e+10
8.087387387387387085e+10
8.097297297297297668e+10
8.107207207207206726e+10
8.117117117117117310e+10
8.127027027027026367e+10
8.136936936936936951e+10
8.146846846846847534e+10
8.156756756756756592e+10
8.166666666666667175e+10
8.176576576576576233e+10
8.186486486486486816e+10
8.196396396396395874e+10
8.206306306306306458e+10
8.216216216216215515e+10
8.226126126126126099e+10
8.236036036036036682e+10
8.245945945945945740e+10
8.255855855855856323e+10
8.265765765765765381e+10
8.275675675675675964e+10
8.285585585585585022e+10
8.295495495495495605e+10
8.305405405405406189e+10
8.315315315315315247e+10
8.325225225225225830e+10
8.335135135135134888e+10
8.345045045045045471e+10
8.354954954954954529e+10
8.364864864864865112e+10
8.374774774774774170e+10
8.384684684684684753e+10
8.394594594594595337e+10
8.404504504504504395e+10
8.414414414414414978e+10
8.424324324324324036e+10
8.434234234234234619e+10
8.444144144144143677e+10
8.454054054054054260e+10
8.463963963963963318e+10
8.473873873873873901e+10
8.483783783783784485e+10
8.493693693693693542e+10
8.503603603603604126e+10
8.513513513513513184e+10
8.523423423423423767e+10
8.533333333333332825e+10
8.543243243243243408e+10
8.553153153153152466e+10
8.563063063063063049e+10
8.572972972972973633e+10
8.582882882882882690e+10
8.592792792792793274e+10
8.602702702702702332e+10
8.612612612612612915e+10
8.622522522522521973e+10
8.632432432432432556e+10
8.642342342342343140e+10
8.652252252252252197e+10
8.662162162162162781e+10
8.672072072072071838e+10
8.681981981981982422e+10
8.691891891891891479e+10
8.701801801801802063e+10
8.711711711711711121e+10
8.721621621621621704e+10
8.731531531531532288e+10
8.741441441441441345e+10
8.751351351351351929e+10
8.761261261261260986e+10
8.771171171171171570e+10
8.781081081081080627e+10
8.790990990990991211e+10
8.800900900900900269e+10
8.810810810810810852e+10
8.820720720720721436e+10
8.830630630630630493e+10
8.840540540540541077e+10
8.850450450450450134e+10
8.860360360360360718e+10
8.870270270270269775e+10
8.880180180180180359e+10
8.890090090090089417e+10
8.900000000000000000e+10
8.909909909909910583e+10
8.919819819819819641e+10
8.929729729729730225e+10
8.939639639639639282e+10
8.949549549549549866e+10
8.959459459459458923e+10
8.969369369369369507e+10
8.979279279279278564e+10
8.989189189189189148e+10
8.999099099099099731e+10
9.009009009009008789e+10
9.018918918918919373e+10
9.028828828828828430e+10
9.038738738738739014e+10
9.048648648648648071e+10
9.058558558558558655e+10
9.068468468468469238e+10
9.078378378378378296e+10
9.088288288288288879e+10
9.098198198198197937e+10
9.108108108108108521e+10
9.118018018018017578e+10
9.127927927927928162e+10
9.137837837837837219e+10
9.147747747747747803e+10
9.157657657657658386e+10
9.167567567567567444e+10
9.177477477477478027e+10
9.187387387387387085e+10
9.197297297297297668e+10
9.207207207207206726e+10
9.217117117117117310e+10
9.227027027027026367e+10
9.236936936936936951e+10
9.246846846846847534e+10
9.256756756756756592e+10
9.266666666666667175e+10
9.276576576576576233e+10
9.286486486486486816e+10
9.296396396396395874e+10
9.306306306306306458e+10
9.316216216216215515e+10
9.326126126126126099e+10
9.336036036036036682e+10
9.345945945945945740e+10
9.355855855855856323e+10
9.365765765765765381e+10
9.375675675675675964e+10
9.385585585585585022e+10
9.395495495495495605e+10
9.405405405405406189e+10
9.415315315315315247e+10
9.425225225225225830e+10
9.435135135135134888e+10
9.445045045045045471e+10
9.454954954954954529e+10
9.464864864864865112e+10
9.474774774774774170e+10
9.484684684684684753e+10
9.494594594594595337e+10
9.504504504504504395e+10
9.514414414414414978e+10
9.524324324324324036e+10
9.534234234234234619e+10
9.544144144144143677e+10
9.554054054054054260e+10
9.563963963963963318e+10
9.573873873873873901e+10
9.583783783783784485e+10
9.593693693693693542e+10
9.603603603603604126e+10
9.613513513513513184e+10
9.623423423423423767e+10
9.633333333333332825e+10
9.643243243243243408e+10
9.653153153153152466e+10
9.663063063063063049e+10
9.672972972972973633e+10
9.682882882882882690e+10
9.692792792792793274e+10
9.702702702702702332e+10
9.712612612612612915e+10
9.722522522522521973e+10
9.732432432432432556e+10
9.742342342342343140e+10
9.752252252252252197e+10
9.762162162162162781e+10
9.772072072072071838e+10
9.781981981981982422e+10
9.791891891891891479e+10
9.801801801801802063e+10
9.811711711711711121e+10
9.821621621621621704e+10
9.831531531531532288e+10
9.841441441441441345e+10
9.851351351351351929e+10
9.861261261261260986e+10
9.871171171171171570e+10
9.881081081081080627e+10
9.890990990990991211e+10
9.900900900900900269e+10
9.910810810810810852e+10
9.920720720720721436e+10
9.930630630630630493e+10
9.940540540540541077e+10
9.950450450450450134e+10
9.960360360360360718e+10
9.970270270270269775e+10
9.980180180180180359e+10
9.990090090090089417e+10
1.000000000000000000e+11
