-2.881614064908625483e+00
-2.873846137932704270e+00
-2.869842781884984984e+00
-2.866991018722429452e+00
-2.864492736339611323e+00
-2.862038748995198834e+00
-2.859488891991001758e+00
-2.856771969383254284e+00
-2.853848449863908510e+00
-2.850694649456213092e+00
-2.847295321093471276e+00
-2.843639886368485747e+00
-2.839720376334802676e+00
-2.835530226050329894e+00
-2.831063516075400965e+00
-2.826314454878756433e+00
-2.821276991467980277e+00
-2.815944495064066633e+00
-2.810309463104117889e+00
-2.804363231602545081e+00
-2.798095668328897556e+00
-2.791494832025319894e+00
-2.784546581302443702e+00
-2.777234115535039294e+00
-2.769537427247811490e+00
-2.761432641101142060e+00
-2.752891208420488844e+00
-2.743878917834257081e+00
-2.734354671350157862e+00
-2.724268960197214096e+00
-2.713561954726096292e+00
-2.702161095863363727e+00
-2.689978039701530044e+00
-2.676904758603113166e+00
-2.662808537477280968e+00
-2.647525517140259854e+00
-2.630852320952962398e+00
-2.612535148041003286e+00
-2.592255517881609794e+00
-2.569611601087327557e+00
-2.544093773879202214e+00
-2.515052719371274836e+00
-2.481658160469543795e+00
-2.442846383196069837e+00
-2.397255656594380113e+00
-2.343151791518967020e+00
-2.278354564989788056e+00
-2.200197546675131122e+00
-2.105610351178622164e+00
-1.991562797236863913e+00
-1.856514088337736457e+00
-1.704504620502835577e+00
-1.555192708389549372e+00
-1.461466728951450245e+00
-1.488549123629917759e+00
-1.597658743922946378e+00
-1.723700016760138842e+00
-1.838332161545124910e+00
-1.933925578836720671e+00
-2.010750802154616768e+00
-2.071404058121400382e+00
-2.118793227937430412e+00
-2.155507815176572972e+00
-2.183680956614299173e+00
-2.205014074080006825e+00
-2.220846000063064984e+00
-2.232225486560234451e+00
-2.239974251814622175e+00
-2.244737997083831260e+00
-2.247026345463035035e+00
-2.247243616137084121e+00
-2.245712372270877832e+00
-2.242691404666761201e+00
-2.238389481010517823e+00
-2.232975888916840290e+00
-2.226588553821418959e+00
-2.219340319780032988e+00
-2.211323834310067404e+00
-2.202615368045106159e+00
-2.193277817621491543e+00
-2.183363078920647293e+00
-2.172913932161000705e+00
-2.161965546299030372e+00
-2.150546684733430247e+00
-2.138680675176014567e+00
-2.126386192115337526e+00
-2.113677889347591154e+00
-2.100566911696673866e+00
-2.087061308637192525e+00
-2.073166367586513736e+00
-2.058884880785103011e+00
-2.044217356669562946e+00
-2.029162184257996326e+00
-2.013715757159508346e+00
-1.997872562271618913e+00
-1.981625236950298463e+00
-1.964964597355329801e+00
-1.947879639730458079e+00
-1.930357515524111278e+00
-1.912383480448645034e+00
-1.893940816772568647e+00
-1.875010727298633384e+00
-1.855572198553872898e+00
-1.835601829649780692e+00
-1.815073621990929809e+00
-1.793958723424718960e+00
-1.772225118404061162e+00
-1.749837253094304934e+00
-1.726755580824670844e+00
-1.702936008453057815e+00
-1.678329217440184040e+00
-1.652879823673797377e+00
-1.626525325578900061e+00
-1.599194767624088964e+00
-1.570807009882983163e+00
-1.541268430964775726e+00
-1.510469770796029509e+00
-1.478281555982343232e+00
-1.444546847306209303e+00
-1.409067525392621478e+00
-1.371566583367494596e+00
-1.331522462299221443e+00
-1.288590717362970928e+00
-1.241780247750091437e+00
-1.189114025223823923e+00
-1.128675683563107102e+00
-1.060142987803817993e+00
-9.783956163808312789e-01
-8.723954103348673383e-01
-7.380842340166648974e-01
-6.072411776962900465e-01
-4.654217921486457077e-01
-2.828044516861770163e-01
-7.843161257617350945e-02
5.923104399828783145e-02
1.983240231407137066e-01
3.949987464432121453e-01
5.662868980888177139e-01
6.811911208778088644e-01
7.824375760620696507e-01
8.678789736444643133e-01
8.413202637853631760e-01
9.571785799152634500e-01
9.922226074360149806e-01
1.084828381277598286e+00
1.011462825034259660e+00
1.085458577377779399e+00
1.072410809702086354e+00
1.098646561846731373e+00
1.168303668094095915e+00
1.030681993468855362e+00
1.038122214899278140e+00
1.050586925523606885e+00
1.004826229808986504e+00
1.080837373966149428e+00
9.090185858942687602e-01
7.170788628109403540e-01
6.172802490851825308e-01
5.117226892114608017e-01
3.129234265007089233e-01
1.511916849259754836e-01
2.989279303660935180e-02
-1.399925206191895422e-01
-3.341017538471776627e-01
-4.801533881417868188e-01
-6.006982134594845979e-01
-7.281529765972869495e-01
-8.365991071922905808e-01
-9.173836408635150930e-01
-9.838321162250979190e-01
-1.042793718303424821e+00
-1.093171670350118641e+00
-1.136832633727131281e+00
-1.176204510587925300e+00
-1.212406450380306921e+00
-1.245680175928157052e+00
-1.276676339831119833e+00
-1.305711940375845703e+00
-1.333002636463503032e+00
-1.358716646434213526e+00
-1.382992077280410070e+00
-1.405945425141656768e+00
-1.427676719674492389e+00
-1.448272991463599668e+00
-1.467810759479378113e+00
-1.486357889209903416e+00
-1.503975021055487415e+00
-1.520716692406874238e+00
-1.536632234315323808e+00
-1.551766498134827366e+00
-1.566160451328046488e+00
-1.579851670919516060e+00
-1.592874755754860594e+00
-1.605261673574792214e+00
-1.617042055207626561e+00
-1.628243445465960448e+00
-1.638891518305076067e+00
-1.649010262264816173e+00
-1.658622141038303743e+00
-1.667748233096025823e+00
-1.676408353576059218e+00
-1.684621161082590080e+00
-1.692404251580496011e+00
-1.699774241207655301e+00
-1.706746839529508453e+00
-1.713336914517528564e+00
-1.719558550333468050e+00
-1.725425098835897897e+00
-1.730949225587924856e+00
-1.736142951029761239e+00
-1.741017687382937273e+00
-1.745584271770963314e+00
-1.749852995971635350e+00
-1.753833633156688165e+00
-1.757535461923450448e+00
-1.760967287879101617e+00
-1.764137462999909811e+00
-1.767053902954456301e+00
-1.769724102550527034e+00
-1.772155149439382127e+00
-1.774353736187929353e+00
-1.776326170808407490e+00
-1.778078385816126872e+00
-1.779615945868203930e+00
-1.780944054019744316e+00
-1.782067556618246007e+00
-1.782990946841851887e+00
-1.783718366872154792e+00
-1.784253608677333514e+00
-1.784600113366168861e+00
-1.784760969057719970e+00
-1.784738907194793667e+00
-1.784536297211591016e+00
-1.784155139446652605e+00
-1.783597056171146278e+00
-1.782863280579216836e+00
-1.781954643561080465e+00
-1.780871558050285186e+00
-1.779614000703459764e+00
-1.778181490633218065e+00
-1.776573064871872054e+00
-1.774787250194245880e+00
-1.772822030871044952e+00
-1.770674811858557796e+00
-1.768342376854382447e+00
-1.765820840560411220e+00
-1.763105594391253916e+00
-1.760191244745884287e+00
-1.757071542819257814e+00
-1.753739304765074669e+00
-1.750186320825951825e+00
-1.746403251817276514e+00
-1.742379511078947507e+00
-1.738103129686538129e+00
-1.733560602329747180e+00
-1.728736710808590260e+00
-1.723614321550939410e+00
-1.718174152899456963e+00
-1.712394507127700027e+00
-1.706250961194480498e+00
-1.699716009095272096e+00
-1.692758647272918582e+00
-1.685343892848280900e+00
-1.677432222350109248e+00
-1.668978916066924389e+00
-1.659933289989272254e+00
-1.650237793399044417e+00
-1.639826945284832194e+00
-1.628626076642087250e+00
-1.616549837983728199e+00
-1.603500421537740639e+00
-1.589365434950080092e+00
-1.574015346873320675e+00
-1.557300403221525187e+00
-1.539046884104418256e+00
-1.519052532554170609e+00
-1.497080932655459051e+00
-1.472854539707206811e+00
-1.446045957787997160e+00
-1.416266903271918842e+00
-1.383054058155739119e+00
-1.345850657228777392e+00
-1.303982087334322637e+00
-1.256622863805345602e+00
-1.202750834668226299e+00
-1.141081878704746311e+00
-1.069973818309045255e+00
-9.872800200893129263e-01
-8.901177153774193496e-01
-7.744864161086029153e-01
-6.346146465345979815e-01
-4.618117874610696005e-01
-2.425089355984949846e-01
4.407995085148816439e-02
4.174919243857695972e-01
6.414629508411262560e-01
2.679840613702734742e-01
-7.729157108105454144e-02
-3.396254482783239159e-01
-5.426971902826351890e-01
-7.044756366259490310e-01
-8.363318985711699627e-01
-9.456267897429119218e-01
-1.037356480278697646e+00
-1.115064455148591538e+00
-1.181361963228297451e+00
-1.238236322028406944e+00
-1.287240273363835064e+00
-1.329612639736761137e+00
-1.366358099422988470e+00
-1.398301873596486278e+00
-1.426128524921198570e+00
-1.450410365038871996e+00
-1.471628841600691961e+00
-1.490191026850201217e+00
-1.506442581292309901e+00
-1.520678107880779173e+00
-1.533149525540654867e+00
-1.544072907163381192e+00
-1.553634106361868605e+00
-1.561993415477484159e+00
-1.569289440323508478e+00
-1.575642336253218589e+00
-1.581156519997289456e+00
-1.585922948955553746e+00
-1.590021042087702119e+00
-1.593520302800454314e+00
-1.596481693309963923e+00
-1.598958801195084378e+00
-1.600998831767415309e+00
-1.602643454112693489e+00
-1.603929523937292378e+00
-1.604889702477515945e+00
-1.605552987536967180e+00
-1.605945170081209517e+00
-1.606089227637277128e+00
-1.606005663936394434e+00
-1.605712802735007383e+00
-1.605227042497977541e+00
-1.604563077584373332e+00
-1.603734090704720838e+00
-1.602751920689209575e+00
-1.601627208994940599e+00
-1.600369527866860819e+00
-1.598987492635057794e+00
-1.597488860267032074e+00
-1.595880615986160045e+00
-1.594169049507526914e+00
-1.592359822221937948e+00
-1.590458026471799124e+00
-1.588468237903380986e+00
-1.586394561744326248e+00
-1.584240673739402361e+00
-1.582009856378394197e+00
-1.579705030965051549e+00
-1.577328786003022953e+00
-1.574883402311875180e+00
-1.572370875232113274e+00
-1.569792934231255987e+00
-1.567151060182452094e+00
-1.564446500551855079e+00
-1.561680282700291800e+00
-1.558853225477970117e+00
-1.555965949267495763e+00
-1.553018884609877137e+00
-1.550012279530016190e+00
-1.546946205662124818e+00
-1.543820563261200984e+00
-1.540635085173957641e+00
-1.537389339831124913e+00
-1.534082733312698954e+00
-1.530714510528295547e+00
-1.527283755546120947e+00
-1.523789391096103341e+00
-1.520230177265263771e+00
-1.516604709396396800e+00
-1.512911415194428733e+00
-1.509148551038387298e+00
-1.505314197490631889e+00
-1.501406253988793349e+00
-1.497422432699711647e+00
-1.493360251508407677e+00
-1.489217026108794029e+00
-1.484989861156265301e+00
-1.480675640435522578e+00
-1.476271015989837565e+00
-1.471772396150435425e+00
-1.467175932396650895e+00
-1.462477504968922482e+00
-1.457672707147461777e+00
-1.452756828099426745e+00
-1.447724834186598697e+00
-1.442571348613709281e+00
-1.437290629284659227e+00
-1.431876544719648869e+00
-1.426322547870659374e+00
-1.420621647655477604e+00
-1.414766378011446779e+00
-1.408748764248996643e+00
-1.402560286461588701e+00
-1.396191839722582761e+00
-1.389633690770409213e+00
-1.382875430850794896e+00
-1.375905924348233444e+00
-1.368713252797677082e+00
-1.361284653821039692e+00
-1.353606454480479782e+00
-1.345663998480792101e+00
-1.337441566585196862e+00
-1.328922289531067946e+00
-1.320088052642804932e+00
-1.310919391236106790e+00
-1.301395375788608089e+00
-1.291493485713050671e+00
-1.281189470406859154e+00
-1.270457196061160365e+00
-1.259268476486860466e+00
-1.247592885947443220e+00
-1.235397551668098615e+00
-1.222646923306076383e+00
-1.209302516202337197e+00
-1.195322624669428624e+00
-1.180662000879735274e+00
-1.165271494068756963e+00
-1.149097643717755135e+00
-1.132082219073826002e+00
-1.114161695732104773e+00
-1.095266657950763056e+00
-1.075321112772524623e+00
-1.054241698724629472e+00
-1.031936767648522268e+00
-1.008305312785074515e+00
-9.832357092286209133e-01
-9.566042237480755217e-01
-9.282732390597617789e-01
-8.980891219780728907e-01
-8.658796441796795529e-01
-8.314508368408681793e-01
-7.945831237665421654e-01
-7.550265286264430387e-01
-7.124946863496802729e-01
-6.666573013418789495e-01
-6.171305800635589200e-01
-5.634650178453910474e-01
-5.051297413989348506e-01
-4.414924228755047753e-01
-3.717936746157428640e-01
-2.951150630934897268e-01
-2.103411664647862889e-01
-1.161204279064540074e-01
-1.084242318006540563e-02
1.073140352170012246e-01
2.401035000447768186e-01
3.882599149238912251e-01
5.486719250392082525e-01
7.069685942878758400e-01
8.216553153463452830e-01
8.179684189977914910e-01
7.011331682055417236e-01
5.454432153992895271e-01
3.894836627529412731e-01
2.462951264878524560e-01
1.185024969302430203e-01
5.226181732553082313e-03
-9.531413531795594751e-02
-1.849279487799948274e-01
-2.652051210810690840e-01
-3.374770354080968149e-01
-4.028418618136231921e-01
-4.622039900320196182e-01
-5.163115853542814548e-01
-5.657880570069354631e-01
-6.111571872012487860e-01
-6.528628247239449678e-01
-6.912842328108383949e-01
-7.267480621410223884e-01
-7.595377328414197882e-01
-7.899008329567392961e-01
-8.180549957883931356e-01
-8.441926057438834397e-01
-8.684845968530194860e-01
-8.910835439990305584e-01
-9.121261989983292517e-01
-9.317355878279852677e-01
-9.500227584190622521e-01
-9.670882481836613476e-01
-9.830233251117640458e-01
-9.979110446042842586e-01
-1.011827155277231105e+00
-1.024840880098392581e+00
-1.037015593898790389e+00
-1.048409414162331688e+00
-1.059075718759062923e+00
-1.069063601740277480e+00
-1.078418276299254241e+00
-1.087181432399343617e+00
-1.095391555290145646e+00
-1.103084210102458718e+00
-1.110292296879816343e+00
-1.117046279727052616e+00
-1.123374393202399180e+00
-1.129302828623822030e+00
-1.134855902583272069e+00
-1.140056209648663499e+00
-1.144924760970777555e+00
-1.149481110291161734e+00
-1.153743468660012761e+00
-1.157728809013775173e+00
-1.161452961626021629e+00
-1.164930701328095619e+00
-1.168175827294912539e+00
-1.171201236103598609e+00
-1.174018988696245769e+00
-1.176640371811247476e+00
-1.179075954389020353e+00
-1.181335639406271065e+00
-1.183428711547316325e+00
-1.185363881080548243e+00
-1.187149324272185114e+00
-1.188792720637489975e+00
-1.190301287301048339e+00
-1.191681810712190259e+00
-1.192940675938734207e+00
-1.194083893741707314e+00
-1.195117125615211107e+00
-1.196045706958992927e+00
-1.196874668536279440e+00
-1.197608756355906579e+00
-1.198252450105541378e+00
-1.198809980251734908e+00
-1.199285343912518398e+00
-1.199682319599178371e+00
-1.200004480915593197e+00
-1.200255209296040571e+00
-1.200437705855571968e+00
-1.200555002420870654e+00
-1.200609971803874299e+00
-1.200605337375308279e+00
-1.200543681990610123e+00
-1.200427456316451202e+00
-1.200258986602170896e+00
-1.200040481936885506e+00
-1.199774041029779470e+00
-1.199461658548125254e+00
-1.199105231044847120e+00
-1.198706562504965767e+00
-1.198267369537978189e+00
-1.197789286241135009e+00
-1.197273868756665305e+00
-1.196722599544242982e+00
-1.196136891388370094e+00
-1.195518091158873863e+00
-1.194867483341352621e+00
-1.194186293353152406e+00
-1.193475690659306476e+00
-1.192736791701806132e+00
-1.191970662654596946e+00
-1.191178322015800761e+00
-1.190360743047821801e+00
-1.189518856075245878e+00
-1.188653550649724222e+00
-1.187765677590391755e+00
-1.186856050907757698e+00
-1.185925449618466354e+00
-1.184974619457792588e+00
-1.184004274496280429e+00
-1.183015098666482023e+00
-1.182007747205346293e+00
-1.180982848017446241e+00
-1.179941002963855956e+00
-1.178882789081196591e+00
-1.177808759735044841e+00
-1.176719445711634338e+00
-1.175615356251515919e+00
-1.174496980028602255e+00
-1.173364786077800259e+00
-1.172219224674232452e+00
-1.171060728166842146e+00
-1.169889711769016127e+00
-1.168706574308675528e+00
-1.167511698940141507e+00
-1.166305453819927784e+00
-1.165088192748489515e+00
-1.163860255779817887e+00
-1.162621969800666122e+00
-1.161373649081071990e+00
-1.160115595797748700e+00
-1.158848100531813863e+00
-1.157571442742241885e+00
-1.156285891216339179e+00
-1.154991704498464555e+00
-1.153689131298145432e+00
-1.152378410878669657e+00
-1.151059773427172805e+00
-1.149733440407177287e+00
-1.148399624894487214e+00
-1.147058531897285460e+00
-1.145710358661238715e+00
-1.144355294960359481e+00
-1.142993523374341569e+00
-1.141625219553033643e+00
-1.140250552468690559e+00
-1.138869684656591108e+00
-1.137482772444595502e+00
-1.136089966172161070e+00
-1.134691410399330858e+00
-1.133287244106157221e+00
-1.131877600883018253e+00
-1.130462609112239170e+00
-1.129042392141425655e+00
-1.127617068448881543e+00
-1.126186751801467656e+00
-1.124751551405238192e+00
-1.123311572049174645e+00
-1.121866914242311886e+00
-1.120417674344545755e+00
-1.118963944691387269e+00
-1.117505813712915463e+00
-1.116043366047170471e+00
-1.114576682648209749e+00
-1.113105840889042186e+00
-1.111630914659639036e+00
-1.110151974460214852e+00
-1.108669087489949412e+00
-1.107182317731330023e+00
-1.105691726030259892e+00
-1.104197370172092851e+00
-1.102699304953725923e+00
-1.101197582251885354e+00
-1.099692251087729389e+00
-1.098183357687880113e+00
-1.096670945541993847e+00
-1.095155055456972004e+00
-1.093635725607900566e+00
-1.092112991585812543e+00
-1.090586886442343584e+00
-1.089057440731365123e+00
-1.087524682547651222e+00
-1.085988637562651071e+00
-1.084449329057414868e+00
-1.082906777952727717e+00
-1.081361002836491059e+00
-1.079812019988395599e+00
-1.078259843401915496e+00
-1.076704484803651329e+00
-1.075145953670046506e+00
-1.073584257241490647e+00
-1.072019400533827937e+00
-1.070451386347268441e+00
-1.068880215272708156e+00
-1.067305885695456924e+00
-1.065728393796355089e+00
-1.064147733550272257e+00
-1.062563896721961276e+00
-1.060976872859245912e+00
-1.059386649283502235e+00
-1.057793211077402429e+00
-1.056196541069873485e+00
-1.054596619818213954e+00
-1.052993425587321452e+00
-1.051386934325955425e+00
-1.049777119639969225e+00
-1.048163952762430018e+00
-1.046547402520537906e+00
-1.044927435299251473e+00
-1.043304015001511598e+00
-1.041677103004953198e+00
-1.040046658114981426e+00
-1.038412636514077780e+00
-1.036774991707195115e+00
-1.035133674463083686e+00
-1.033488632751386138e+00
-1.031839811675317575e+00
-1.030187153399739763e+00
-1.028530597074426067e+00
-1.026870078752287752e+00
-1.025205531302332718e+00
-1.023536884317093110e+00
-1.021864064014253559e+00
-1.020186993132184528e+00
-1.018505590819069218e+00
-1.016819772515280551e+00
-1.015129449828657826e+00
-1.013434530402286704e+00
-1.011734917774375075e+00
-1.010030511229775607e+00
-1.008321205642685348e+00
-1.006606891310004137e+00
-1.004887453774812922e+00
-1.003162773639376004e+00
-1.001432726367047055e+00
-9.996971820723935531e-01
-9.979560052988174501e-01
-9.962090547828940101e-01
-9.944561832045818450e-01
-9.926972369224145165e-01
-9.909320556926904944e-01
-9.891604723716295178e-01
-9.873823125993610450e-01
-9.855973944645394225e-01
-9.838055281482797065e-01
-9.820065155460047102e-01
-9.802001498656830458e-01
-9.783862152008213631e-01
-9.765644860764347568e-01
-9.747347269660830982e-01
-9.728966917778958390e-01
-9.710501233073477456e-01
-9.691947526543533975e-01
-9.673302986020496652e-01
-9.654564669544053457e-01
-9.635729498295666495e-01
-9.616794249055680144e-01
-9.597755546147537231e-01
-9.578609852829255145e-01
-9.559353462088970854e-01
-9.539982486797290440e-01
-9.520492849165081983e-01
-9.500880269450591165e-01
-9.481140253854670741e-01
-9.461268081537139718e-01
-9.441258790681154034e-01
-9.421107163525380690e-01
-9.400807710276288809e-01
-9.380354651804211352e-01
-9.359741901017651911e-01
-9.338963042799682812e-01
-9.318011312378917665e-01
-9.296879571994552949e-01
-9.275560285700836793e-01
-9.254045492140271501e-01
-9.232326775097220439e-01
-9.210395231623810242e-01
-9.188241437507852494e-01
-9.165855409827839972e-01
-9.143226566312333548e-01
-9.120343681190045126e-01
-9.097194837182049909e-01
-9.073767373248378121e-01
-9.050047827657098365e-01
-9.026021875894409963e-01
-9.001674262878068822e-01
-8.976988728873186441e-01
-8.951947928437645752e-01
-8.926533341643239083e-01
-8.900725176726291821e-01
-8.874502263216903497e-01
-8.847841934476418091e-01
-8.820719898437082707e-01
-8.793110095182243846e-01
-8.764984539828237775e-01
-8.736313148965383357e-01
-8.707063548682412168e-01
-8.677200861930073339e-01
-8.646687472671036323e-01
-8.615482763906349151e-01
-8.583542826257136715e-01
-8.550820133302582393e-01
-8.517263179321900024e-01
-8.482816074443481069e-01
-8.447418091454277356e-01
-8.411003157645227102e-01
-8.373499284042440483e-01
-8.334827923168416364e-01
-8.294903245060244457e-01
-8.253631319598351279e-01
-8.210909191220226999e-01
-8.166623829743747676e-01
-8.120650938227307325e-01
-8.072853595451251474e-01
-8.023080706595407952e-01
-7.971165230859149631e-01
-7.916922148927685310e-01
-7.860146126084904816e-01
-7.800608818085570384e-01
-7.738055756209414326e-01
-7.672202734666699886e-01
-7.602731606961107280e-01
-7.529285376912278061e-01
-7.451462443370796551e-01
-7.368809823190434205e-01
-7.280815131816368302e-01
-7.186897040531844416e-01
-7.086393847342048469e-01
-6.978549684301609268e-01
-6.862497721229804393e-01
-6.737239486901297481e-01
-6.601619067732165114e-01
-6.454290380117454484e-01
-6.293674801191715407e-01
-6.117904915861931414e-01
-5.924747483809771342e-01
-5.711493942576099103e-01
-5.474797812058999069e-01
-5.210421095770151334e-01
-4.912817793230094265e-01
-4.574416685964310947e-01
-4.184352699314093926e-01
-3.726321154758459042e-01
-3.176118142752766826e-01
-2.507387819577901467e-01
-1.751909820906631943e-01
-1.151009437961823118e-01
-7.673817529728393927e-02
-2.367790723237701150e-02
5.329617966289629943e-02
1.517429841746550656e-01
2.704280056012471900e-01
4.091919008327559171e-01
5.656507301394441134e-01
7.276488888558614310e-01
8.565827714451917929e-01
8.726291923261498829e-01
7.611417728578993014e-01
6.032492763877085329e-01
4.456180719309814076e-01
3.036524148017445413e-01
1.801408896998545617e-01
7.380588536301131708e-02
-1.760057997266216076e-02
-9.631175624446275396e-02
-1.642829040896606196e-01
-2.231586107865876911e-01
-2.743059286082814574e-01
-3.188600005969673412e-01
-3.577662369726948843e-01
-3.918154199248236602e-01
-4.216719189820674063e-01
-4.478961475069935250e-01
-4.709624271564007980e-01
-4.912732111546273539e-01
-5.091703556393747387e-01
-5.249438630538493245e-01
-5.388382288513889895e-01
-5.510561642519782311e-01
-5.617591681166542728e-01
-5.710655328132335784e-01
-5.790567720384628414e-01
-5.858516112426687128e-01
-5.918659264182593027e-01
-5.977684928523255836e-01
-6.033908535748766511e-01
-6.082855155532073121e-01
-6.123995031252748023e-01
-6.158296724943627121e-01
-6.186747282282060167e-01
-6.210109718042673421e-01
-6.228964089424600115e-01
-6.243766103058300265e-01
-6.254886660652798636e-01
-6.262636025433865328e-01
-6.267278766247988964e-01
-6.269043431878773553e-01
-6.268129165330750263e-01
-6.264710468889215234e-01
-6.258940795409349001e-01
-6.250955355507458178e-01
-6.240873374794178030e-01
-6.228799948109694506e-01
-6.214827587145632659e-01
-6.199037527396600300e-01
-6.181500841352312037e-01
-6.162279392480836115e-01
-6.141426656221643521e-01
-6.118988428388144607e-01
-6.095003437178978523e-01
-6.069503871872886647e-01
-6.042515838894937374e-01
-6.014059754074638775e-01
-5.984150678425367298e-01
-5.952798603561630930e-01
-5.920008691868003936e-01
-5.885781475691641562e-01
-5.850113019113252211e-01
-5.812995045230916480e-01
-5.774415031346684657e-01
-5.734356273958275407e-01
-5.692797925014574378e-01
-5.649715000479015314e-01
-5.605078361849122892e-01
-5.558854670889891159e-01
-5.511006317443138958e-01
-5.461491319758851049e-01
-5.410263196344825554e-01
-5.357270807826673975e-01
-5.302458166730188438e-01
-5.245764212411505589e-01
-5.187122547527981409e-01
-5.126461131412913819e-01
-5.063701924417822742e-01
-4.998760475620047106e-01
-4.931545444123036637e-01
-4.861958041309385470e-01
-4.789891377565207442e-01
-4.715229691778971555e-01
-4.637847434739548746e-01
-4.557608167543580335e-01
-4.474363221950962699e-01
-4.387950049278456777e-01
-4.298190154745112901e-01
-4.204886470192539805e-01
-4.107819951737643471e-01
-4.006745086904284769e-01
-3.901383835757084029e-01
-3.791417273954613698e-01
-3.676473784140578127e-01
-3.556111931254036240e-01
-3.429794923168363319e-01
-3.296851345092761121e-01
-3.156412743002990351e-01
-3.007310672715212130e-01
-2.847899719525606166e-01
-2.675738670332949987e-01
-2.486984577516377914e-01
-2.275168137911818267e-01
-2.028538206538686162e-01
-1.723834717994880972e-01
-1.310502357587456090e-01
-6.689650793441295762e-02
4.815874225537548209e-02
2.201638847625318196e-01
1.135269002173621145e-01
1.885180069970941036e-02
-8.910721943350252000e-03
-7.489235373360684719e-03
7.218939130537675893e-03
2.901292732496293936e-02
5.532993368617720314e-02
8.505667097552076228e-02
1.177174718626936151e-01
1.531491885425900201e-01
1.913612910066199158e-01
2.324728495227719460e-01
2.766844804858311080e-01
3.242679299755227285e-01
3.755658484450405954e-01
4.309986329048640097e-01
4.910773029041689552e-01
5.564225069491496312e-01
6.277903852847084298e-01
7.061061362247534889e-01
7.925051535973971495e-01
8.883775897529017085e-01
9.953995490924677503e-01
1.115496687355132188e+00
1.250577108994180398e+00
1.401559026971744171e+00
1.565385523364346998e+00
1.726953763448378920e+00
1.841599373205362600e+00
1.830541101672611193e+00
1.705157001232747049e+00
1.543095057355998501e+00
1.382645270899670820e+00
1.236063118165840358e+00
1.105403945737690741e+00
9.894678743555939127e-01
8.863085486828541359e-01
7.940338141651961390e-01
7.110152444491081303e-01
6.359065932942907784e-01
5.676079433999785540e-01
5.052206667745390289e-01
4.480068437666804848e-01
3.953561893372789515e-01
3.467602067348803385e-01
3.017925019905366990e-01
2.600943242089679419e-01
2.213649920828853479e-01
1.853580856243282338e-01
1.518870087497281585e-01
1.208497557895728547e-01
9.229007888924876946e-02
6.643057627273449284e-02
4.278767303861123056e-02
1.817451821929623804e-02
-6.610518638422983005e-03
-2.939916368603322575e-02
-5.028688750373334210e-02
-6.963809261591502597e-02
-8.769078454636639042e-02
-1.045961418098894646e-01
-1.204606665819754063e-01
-1.353670100442215252e-01
-1.493837548790034886e-01
-1.625702515510353274e-01
-1.749792010057704128e-01
-1.866581538955545960e-01
-1.976504549731941118e-01
-2.079958843654290401e-01
-2.177311223293334763e-01
-2.268901046811756528e-01
-2.355043064493771432e-01
-2.436029758074379770e-01
-2.512133318715645269e-01
-2.583607351165291832e-01
-2.650688362942796306e-01
-2.713597079687012359e-01
-2.772539616454279265e-01
-2.827708527223958823e-01
