-2.716399132997992627e+00
-2.702793044327736816e+00
-2.694205602021819690e+00
-2.686769421758794074e+00
-2.679308162049728992e+00
-2.671382699681340345e+00
-2.662812339965337394e+00
-2.653523471419371837e+00
-2.643492458561678138e+00
-2.632720978636167164e+00
-2.621224114950030604e+00
-2.609024016536780177e+00
-2.596146204421010850e+00
-2.582617232849958810e+00
-2.568463091032906487e+00
-2.553708033115238418e+00
-2.538373666868825040e+00
-2.522478202160647776e+00
-2.506035796379993741e+00
-2.489055952877570199e+00
-2.471542938315614002e+00
-2.453495189703777779e+00
-2.434904683845033002e+00
-2.415756241967041973e+00
-2.396026740963027812e+00
-2.375684200117297085e+00
-2.354686708484459601e+00
-2.332981153170444966e+00
-2.310501702511623456e+00
-2.287167990418506491e+00
-2.262882938790771625e+00
-2.237530143799185467e+00
-2.210970738930477353e+00
-2.183039633141719893e+00
-2.153541006738331376e+00
-2.122242931736329385e+00
-2.088870969624971874e+00
-2.053100591681184195e+00
-2.014548272990063449e+00
-1.972761145764208246e+00
-1.927205189092320525e+00
-1.877252138673749737e+00
-1.822165741800899630e+00
-1.761088918312581963e+00
-1.693035386425096434e+00
-1.616893648783627624e+00
-1.531460795939337149e+00
-1.435544880359111541e+00
-1.328221870831218565e+00
-1.209434756597430827e+00
-1.081320966449022425e+00
-9.509545039483258133e-01
-8.353137290796026626e-01
-7.672477366788785780e-01
-7.793695157320491562e-01
-8.527817146196458031e-01
-9.502072889109336451e-01
-1.049949954981452604e+00
-1.142360386666569694e+00
-1.224090754293801542e+00
-1.294682454734807475e+00
-1.354859096088108616e+00
-1.405743944966107772e+00
-1.448521438345942158e+00
-1.484300774142854218e+00
-1.514069035670967622e+00
-1.538682993379347552e+00
-1.558876777829191207e+00
-1.575275229643206432e+00
-1.588408425540172697e+00
-1.598725472204105547e+00
-1.606606847081168299e+00
-1.612375105788369511e+00
-1.616304014262073263e+00
-1.618626259638279885e+00
-1.619539922518819397e+00
-1.619213891000193195e+00
-1.617792381296449200e+00
-1.615398709608474315e+00
-1.612138439230241804e+00
-1.608102007630977770e+00
-1.603366921160710445e+00
-1.597999590272124459e+00
-1.592056865634495333e+00
-1.585587325015241467e+00
-1.578632352060413746e+00
-1.571227040857304580e+00
-1.563400954170250490e+00
-1.555178758292396823e+00
-1.546580753368861361e+00
-1.537623314665299334e+00
-1.528319257450205138e+00
-1.518678135820788144e+00
-1.508706483840340784e+00
-1.498408005694010559e+00
-1.487783720146048871e+00
-1.476832063340483003e+00
-1.465548952881253086e+00
-1.453927815114319566e+00
-1.441959576572748425e+00
-1.429632619596111098e+00
-1.416932701155085628e+00
-1.403842832852575606e+00
-1.390343118875749795e+00
-1.376410547264981021e+00
-1.362018728147141200e+00
-1.347137570415561036e+00
-1.331732885532329158e+00
-1.315765903393082192e+00
-1.299192680093078867e+00
-1.281963370278989656e+00
-1.264021326440088577e+00
-1.245301972063367790e+00
-1.225731371570494277e+00
-1.205224380613533208e+00
-1.183682191266141270e+00
-1.160988953566499227e+00
-1.137006862037532873e+00
-1.111568317376185888e+00
-1.084461078643945475e+00
-1.055389495133270739e+00
-1.023848467063834144e+00
-9.894089875237108700e-01
-9.511439411289804857e-01
-9.074073264404236561e-01
-8.563200297088515711e-01
-7.965443788847917927e-01
-7.242369473259008261e-01
-6.323345277237891748e-01
-5.181334029132699248e-01
-3.966698621066515607e-01
-2.637655704074070018e-01
-1.046583753032039599e-01
6.694948149503827939e-02
2.067658295730198659e-01
3.438680031125461167e-01
5.086640006152286508e-01
6.577420467982888486e-01
7.709831103521206375e-01
8.641051669867209073e-01
9.329470378249621332e-01
9.399352512431078388e-01
1.022228828184567506e+00
1.065100006446211056e+00
1.130096775466022718e+00
1.091530100933245873e+00
1.141543308729348727e+00
1.134215630052098467e+00
1.163448912738698438e+00
1.205362093618749686e+00
1.114998949117630200e+00
1.112380587297512990e+00
1.115573780584022012e+00
1.091191886943319034e+00
1.118494944752267628e+00
9.864312148592645491e-01
8.327617419931342413e-01
7.282433565037486067e-01
6.166310977740248056e-01
4.562413289437377006e-01
3.107361076444914993e-01
1.846243235477176836e-01
3.316674579913753140e-02
-1.269807684756978916e-01
-2.574122073239762942e-01
-3.683683977267145360e-01
-4.738726304478564910e-01
-5.609822984089787301e-01
-6.273231920454771515e-01
-6.809535518253960751e-01
-7.261733895510306125e-01
-7.633916072262214580e-01
-7.943850081842569466e-01
-8.210109776789538127e-01
-8.442925330028608899e-01
-8.646631031382394639e-01
-8.827300706557562604e-01
-8.988484004964167884e-01
-9.132695519905736914e-01
-9.261920558313214702e-01
-9.377797846836384288e-01
-9.481712829135895415e-01
-9.574855197537510687e-01
-9.658258115325991655e-01
-9.732826607268132424e-01
-9.799358952185163174e-01
-9.858563283313018788e-01
-9.911070766794053410e-01
-9.957446257192932304e-01
-9.998197044266391442e-01
-1.003378012449137824e+00
-1.006460831155667313e+00
-1.009105541874890211e+00
-1.011346068931560982e+00
-1.013213261021557843e+00
-1.014735221498460849e+00
-1.015937595939951033e+00
-1.016843823698754479e+00
-1.017475358869404101e+00
-1.017851865114386856e+00
-1.017991388017909671e+00
-1.017910508020118510e+00
-1.017624476491161500e+00
-1.017147337105108740e+00
-1.016492034347671547e+00
-1.015670510723333253e+00
-1.014693794005043559e+00
-1.013572075683954798e+00
-1.012314781620716753e+00
-1.010930635768108266e+00
-1.009427717722882978e+00
-1.007813514769194674e+00
-1.006094968994078576e+00
-1.004278519984921569e+00
-1.002370143557870685e+00
-1.000375386913178621e+00
-9.982994005673516691e-01
-9.961469673716201179e-01
-9.939225288908545286e-01
-9.916302093858516686e-01
-9.892738376143501711e-01
-9.868569666416693309e-01
-9.843828918300374653e-01
-9.818546671561595440e-01
-9.792751199889823122e-01
-9.766468644436911983e-01
-9.739723134134675719e-01
-9.712536893671818161e-01
-9.684930339888324635e-01
-9.656922167229400333e-01
-9.628529422791050063e-01
-9.599767571383490683e-01
-9.570650550935244638e-01
-9.541190818458200606e-01
-9.511399386690112534e-01
-9.481285851424494648e-01
-9.450858409426036166e-01
-9.420123866710647942e-01
-9.389087636840126594e-01
-9.357753728739289789e-01
-9.326124723384777715e-01
-9.294201738535231572e-01
-9.261984380467407352e-01
-9.229470681445696156e-01
-9.196657021376628549e-01
-9.163538031775685377e-01
-9.130106479790784935e-01
-9.096353129571214113e-01
-9.062266577725837102e-01
-9.027833058959205959e-01
-8.993036217182419634e-01
-8.957856836434029413e-01
-8.922272524773318114e-01
-8.886257342870474973e-01
-8.849781367247543384e-01
-8.812810175933540879e-01
-8.775304241573670394e-01
-8.737218213630477681e-01
-8.698500067043001271e-01
-8.659090089318615124e-01
-8.618919671190977683e-01
-8.577909857248026126e-01
-8.535969601730352130e-01
-8.492993660234390285e-01
-8.448860029259195326e-01
-8.403426820953638909e-01
-8.356528428051083202e-01
-8.307970791048550074e-01
-8.257525522326366607e-01
-8.204922564662961992e-01
-8.149840956739938802e-01
-8.091897134668515346e-01
-8.030630000270488900e-01
-7.965481710417547934e-01
-7.895772752689340646e-01
-7.820669319630926264e-01
-7.739140199830372158e-01
-7.649899251795717614e-01
-7.551327836722795395e-01
-7.441369081177271472e-01
-7.317382087787613898e-01
-7.175938532290158101e-01
-7.012535408886692023e-01
-6.821184327015036297e-01
-6.593817080885281401e-01
-6.319415142055136991e-01
-5.982721229173975086e-01
-5.562315941304306621e-01
-5.027732719461042166e-01
-4.335140096160309819e-01
-3.420995185023447127e-01
-2.193299029323263205e-01
-5.225075192653474976e-02
1.750290308457402577e-01
4.650790162401679528e-01
6.178848357123933877e-01
3.516237422744613039e-01
8.003268220398380983e-02
-1.227584889522741057e-01
-2.695078477009688056e-01
-3.759002669476987912e-01
-4.536548902302976471e-01
-5.110165236085952856e-01
-5.537531876686007104e-01
-5.859004574637404206e-01
-6.102907713620716601e-01
-6.289257984325485884e-01
-6.432339153578197077e-01
-6.542461243095619716e-01
-6.627157771198943781e-01
-6.692002486771873038e-01
-6.741170147765535026e-01
-6.777825021483814272e-01
-6.804392830448636742e-01
-6.822753220132748986e-01
-6.834377515778841117e-01
-6.840428427620248719e-01
-6.841833007402333688e-01
-6.839336599013088325e-01
-6.833543141101617868e-01
-6.824945567477375130e-01
-6.813948950934837212e-01
-6.800888277965436712e-01
-6.786042214136717154e-01
-6.769643849068520680e-01
-6.751889146808739417e-01
-6.732943638976449652e-01
-6.712947761878450548e-01
-6.692021139559694021e-01
-6.670266041804431278e-01
-6.647770192061401850e-01
-6.624609059916953813e-01
-6.600847742391515727e-01
-6.576542515346673889e-01
-6.551742118758605571e-01
-6.526488826156428003e-01
-6.500819338129678604e-01
-6.474765531732364909e-01
-6.448355091298971775e-01
-6.421612041227705570e-01
-6.394557197367668477e-01
-6.367208550535327083e-01
-6.339581593202812115e-01
-6.311689598410226143e-01
-6.283543858350945088e-01
-6.255153888782178928e-01
-6.226527604359368695e-01
-6.197671469133502198e-01
-6.168590625746370737e-01
-6.139289006279730065e-01
-6.109769427236207973e-01
-6.080033670733668849e-01
-6.050082553664901663e-01
-6.019915986299229083e-01
-5.989533021571545879e-01
-5.958931896109949111e-01
-5.928110063888517578e-01
-5.897064223252250770e-01
-5.865790337941766408e-01
-5.834283652643212914e-01
-5.802538703500469408e-01
-5.770549323950038278e-01
-5.738308646172124439e-01
-5.705809098392109480e-01
-5.673042398214289683e-01
-5.639999542122414722e-01
-5.606670791238866913e-01
-5.573045653394870236e-01
-5.539112861527664133e-01
-5.504860348385920421e-01
-5.470275217491886721e-01
-5.435343710276510087e-01
-5.400051169272555018e-01
-5.364381997219109799e-01
-5.328319611899349217e-01
-5.291846396500764493e-01
-5.254943645253725704e-01
-5.217591504068921360e-01
-5.179768905857564665e-01
-5.141453500178703173e-01
-5.102621576816327442e-01
-5.063247982843583905e-01
-5.023306032682979261e-01
-4.982767410618320625e-01
-4.941602065156865398e-01
-4.899778094577127985e-01
-4.857261622929127665e-01
-4.814016665678380602e-01
-4.770004984101875456e-01
-4.725185927453036117e-01
-4.679516261811702549e-01
-4.632949984423978540e-01
-4.585438122213476575e-01
-4.536928513009269026e-01
-4.487365567884440964e-01
-4.436690012831602248e-01
-4.384838607814915412e-01
-4.331743841031154285e-01
-4.277333595981060443e-01
-4.221530788695150860e-01
-4.164252972170613409e-01
-4.105411904755298935e-01
-4.044913078855522648e-01
-3.982655205942699506e-01
-3.918529653382353817e-01
-3.852419828102995325e-01
-3.784200501551756024e-01
-3.713737069741545049e-01
-3.640884741468400354e-01
-3.565487646956426171e-01
-3.487377858255300556e-01
-3.406374311655087639e-01
-3.322281621172648025e-01
-3.234888770778747702e-01
-3.143967671443277379e-01
-3.049271567239672520e-01
-2.950533272622979930e-01
-2.847463220519754756e-01
-2.739747297971981133e-01
-2.627044442669673185e-01
-2.508983969676576997e-01
-2.385162592854979668e-01
-2.255141099749533862e-01
-2.118440631761649984e-01
-1.974538513040434429e-01
-1.822863561249416786e-01
-1.662790800751177966e-01
-1.493635483148745557e-01
-1.314646300718246008e-01
-1.124997654005552156e-01
-9.237808043861425733e-02
-7.099937039597618849e-02
-4.825292465551839910e-02
-2.401616220572216215e-02
1.846962172183627552e-03
2.948783039920501586e-02
5.907537410639387976e-02
9.079870540541980228e-02
1.248702614966158697e-01
1.615295814082957915e-01
2.010478577473867323e-01
2.437334299158872841e-01
2.899383992462916115e-01
3.400665311606292374e-01
3.945825209123036692e-01
4.540224419554302893e-01
5.190045608072993977e-01
5.902382323222279403e-01
6.685252750909396191e-01
7.547408230805324747e-01
8.497641669905446893e-01
9.542936728898535614e-01
1.068401363382921909e+00
1.190524718963188455e+00
1.315324003970071320e+00
1.429539267325593777e+00
1.505388806864570217e+00
1.503817063009110999e+00
1.427295516702538958e+00
1.315266755010638944e+00
1.194128648579483087e+00
1.076307291655264953e+00
9.667281896888244574e-01
8.667680692565219447e-01
7.762799295891165130e-01
6.945404273803396089e-01
6.206665723654019029e-01
5.537878597908423295e-01
4.931097695610074938e-01
4.379305365763108693e-01
3.876388543010696464e-01
3.417046943968001238e-01
2.996684742884307417e-01
2.611306941985050978e-01
2.257427874422281988e-01
1.931993344102528598e-01
1.632315520294588262e-01
1.356018903079145299e-01
1.100995557530710656e-01
8.653679677862506636e-02
6.474581013784672101e-02
4.457615194226276917e-02
2.589255882750694446e-02
8.573103401230455431e-03
-7.492376711196922778e-03
-2.240362472138808514e-02
-3.625112424696084329e-02
-4.911710375310284621e-02
-6.107641098511023409e-02
-7.219727774493966965e-02
-8.254199159821817844e-02
-9.216748811229538707e-02
-1.011258748496573628e-01
-1.094648964408974218e-01
-1.172283485340960552e-01
-1.244564471824278346e-01
-1.311861592271105215e-01
-1.374514984100657367e-01
-1.432837912725757890e-01
-1.487119163335651750e-01
-1.537625195712666037e-01
-1.584602088370643813e-01
-1.628277294963148825e-01
-1.668861233068014427e-01
-1.706548723024495229e-01
-1.741520292409631521e-01
-1.773943359935312436e-01
-1.803973310981263345e-01
-1.831754475614907618e-01
-1.857421018756180153e-01
-1.881097751099334581e-01
-1.902900868483382024e-01
-1.922938626591244038e-01
-1.941311957139982280e-01
-1.958115031088798197e-01
-1.973435773827023620e-01
-1.987356336802489076e-01
-1.999953529603680225e-01
-2.011299216110322974e-01
-2.021460677971037012e-01
-2.030500948348205881e-01
-2.038479118585180827e-01
-2.045450620195502778e-01
-2.051467484344616510e-01
-2.056578580788800403e-01
-2.060829838051161100e-01
-2.064264446448128010e-01
-2.066923045430271166e-01
-2.068843896566276985e-01
-2.070063043377406986e-01
-2.070614459119946016e-01
-2.070530183514190381e-01
-2.069840449328939347e-01
-2.068573799649562339e-01
-2.066757196584501910e-01
-2.064416122098765849e-01
-2.061574671602902920e-01
-2.058255640871529124e-01
-2.054480606816072030e-01
-2.050270002591548513e-01
-2.045643187476495206e-01
-2.040618511928135037e-01
-2.035213378181215949e-01
-2.029444296728307173e-01
-2.023326938991441282e-01
-2.016876186469604981e-01
-2.010106176623343843e-01
-2.003030345736673268e-01
-1.995661468977126540e-01
-1.988011697857200444e-01
-1.980092595284283774e-01
-1.971915168371493055e-01
-1.963489899168279484e-01
-1.954826773457421230e-01
-1.945935307753600130e-01
-1.936824574628497053e-01
-1.927503226477763343e-01
-1.917979517836548575e-01
-1.908261326342223785e-01
-1.898356172435598788e-01
-1.888271237885155718e-01
-1.878013383212618626e-01
-1.867589164092417764e-01
-1.857004846792389974e-01
-1.846266422718146616e-01
-1.835379622119082399e-01
-1.824349927009887573e-01
-1.813182583357617894e-01
-1.801882612580787135e-01
-1.790454822403835522e-01
-1.778903817107185537e-01
-1.767234007210400359e-01
-1.755449618623393382e-01
-1.743554701298204168e-01
-1.731553137411719623e-01
-1.719448649107651328e-01
-1.707244805824161271e-01
-1.694945031231844534e-01
-1.682552609805076094e-01
-1.670070693048276711e-01
-1.657502305397215436e-01
-1.644850349814171719e-01
-1.632117613094586084e-01
-1.619306770901667303e-01
-1.606420392544425091e-01
-1.593460945513549276e-01
-1.580430799788737350e-01
-1.567332231930147479e-01
-1.554167428965904929e-01
-1.540938492086845468e-01
-1.527647440158991787e-01
-1.514296213063625884e-01
-1.500886674874178373e-01
-1.487420616878694923e-01
-1.473899760455982533e-01
-1.460325759813177193e-01
-1.446700204591931382e-01
-1.433024622350025923e-01
-1.419300480924804986e-01
-1.405529190684482177e-01
-1.391712106672936544e-01
-1.377850530653397243e-01
-1.363945713056013698e-01
-1.349998854834073836e-01
-1.336011109233317951e-01
-1.321983583478599511e-01
-1.307917340381811178e-01
-1.293813399874889358e-01
-1.279672740471370362e-01
-1.265496300659884610e-01
-1.251284980232678645e-01
-1.237039641552197533e-01
-1.222761110758473074e-01
-1.208450178919990708e-01
-1.194107603130522000e-01
-1.179734107554268746e-01
-1.165330384421548598e-01
-1.150897094977108293e-01
-1.136434870383050133e-01
-1.121944312578215114e-01
-1.107425995095809024e-01
-1.092880463840877336e-01
-1.078308237829255084e-01
-1.063709809889376717e-01
-1.049085647328416998e-01
-1.034436192563957524e-01
-1.019761863722500189e-01
-1.005063055205886596e-01
-9.903401382267512654e-02
-9.755934613139603806e-02
-9.608233507890386049e-02
-9.460301112143608415e-02
-9.312140258140373661e-02
-9.163753568681247408e-02
-9.015143460809665887e-02
-8.866312149242160101e-02
-8.717261649551844016e-02
-8.567993781110369578e-02
-8.418510169793097520e-02
-8.268812250451931800e-02
-8.118901269159911616e-02
-7.968778285230482261e-02
-7.818444173014850451e-02
-7.667899623479919324e-02
-7.517145145568289444e-02
-7.366181067342805755e-02
-7.215007536915876707e-02
-7.063624523165019931e-02
-6.912031816234344428e-02
-6.760229027822037273e-02
-6.608215591253173427e-02
-6.455990761336644068e-02
-6.303553614004593630e-02
-6.150903045732435126e-02
-5.998037772736794504e-02
-5.844956329948201162e-02
-5.691657069755161336e-02
-5.538138160515536368e-02
-5.384397584830193789e-02
-5.230433137574207192e-02
-5.076242423679384885e-02
-4.921822855662066898e-02
-4.767171650888603340e-02
-4.612285828571473234e-02
-4.457162206486863648e-02
-4.301797397405148632e-02
-4.146187805223831846e-02
-3.990329620792450183e-02
-3.834218817417647807e-02
-3.677851146036037466e-02
-3.521222130040999737e-02
-3.364327059749218363e-02
-3.207160986491021382e-02
-3.049718716307994737e-02
-2.891994803239382808e-02
-2.733983542178564444e-02
-2.575678961278289256e-02
-2.417074813882643877e-02
-2.258164569962053600e-02
-2.098941407025499417e-02
-1.939398200482862766e-02
-1.779527513427746691e-02
-1.619321585809718397e-02
-1.458772322962053475e-02
-1.297871283449008456e-02
-1.136609666193799141e-02
-9.749782968461585472e-03
-8.129676133445494848e-03
-6.505676506258255103e-03
-4.877680244306108887e-03
-3.245579141500286053e-03
-1.609260446544733859e-03
3.139332959016072848e-05
1.676504617685845282e-03
3.326201006520402691e-03
4.980615472125589360e-03
6.639886620904937066e-03
8.304158947522689502e-03
9.973583108550636636e-03
1.164831621292587542e-02
1.332852213036730439e-02
1.501437181897717632e-02
1.670604367336510007e-02
1.840372389472308412e-02
2.010760688441046509e-02
2.181789566272695005e-02
2.353480231468950412e-02
2.525854846478367555e-02
2.698936578282172538e-02
2.872749652321922656e-02
3.047319410020179337e-02
3.222672370166719535e-02
3.398836294466148905e-02
3.575840257569482677e-02
3.753714721939669513e-02
3.932491617933363270e-02
4.112204429514346171e-02
4.292888286053104380e-02
4.474580060707779999e-02
4.657318475927791496e-02
4.841144216672647188e-02
5.026100051993182688e-02
5.212230965685948902e-02
5.399584296798223826e-02
5.588209890838572586e-02
5.778160262630064464e-02
5.969490771838827786e-02
6.162259812312161078e-02
6.356529016477473204e-02
6.552363476180170232e-02
6.749831981483594978e-02
6.949007279112381918e-02
7.149966352399884928e-02
7.352790724799963817e-02
7.557566789247080474e-02
7.764386165899769821e-02
7.973346091083581555e-02
8.184549840566819612e-02
8.398107190658697652e-02
8.614134921021078528e-02
8.832757363538280837e-02
9.054107002102264323e-02
9.278325128750064543e-02
9.505562562248091873e-02
9.735980435963449697e-02
9.969751062711999789e-02
1.020705888523631144e-01
1.044810152207137910e-01
1.069309091981047594e-01
1.094225462422562523e-01
1.119583718434420394e-01
1.145410170547944140e-01
1.171733156938728759e-01
1.198583234223448285e-01
1.225993389395599459e-01
1.253999275593287444e-01
1.282639474780142563e-01
1.311955790871468519e-01
1.341993577362116385e-01
1.372802104124759837e-01
1.404434968762029168e-01
1.436950558734307326e-01
1.470412571468725782e-01
1.504890600814130508e-01
1.540460799574538409e-01
1.577206629473628663e-01
1.615219711825724713e-01
1.654600794479657300e-01
1.695460853339142704e-01
1.737922350045741915e-01
1.782120671362381059e-01
1.828205780570967554e-01
1.876344116997036571e-01
1.926720786848648281e-01
1.979542097236338116e-01
2.035038495951798365e-01
2.093467992893897345e-01
2.155120155697635154e-01
2.220320793178158780e-01
2.289437467069259102e-01
2.362886007217553930e-01
2.441138250753855377e-01
2.524731285996478225e-01
2.614278563205263972e-01
2.710483346366691082e-01
2.814155137888245672e-01
2.926229935306013386e-01
3.047795514907178371e-01
3.180123446735780290e-01
3.324710339678267901e-01
3.483332085567750203e-01
3.658116949502132065e-01
3.851646808845702319e-01
4.067101598808924301e-01
4.308471319121977561e-01
4.580873230976458821e-01
4.891022256760547693e-01
5.247865378990241858e-01
5.663093086942888599e-01
6.149819037105753727e-01
6.712605362054223646e-01
7.313098465651912683e-01
7.836400099590229429e-01
8.273874214866685506e-01
8.798393475434229671e-01
9.486128539830470663e-01
1.033758730586416208e+00
1.133967619052180353e+00
1.247161975880816120e+00
1.368327741468819747e+00
1.485013287271956139e+00
1.569978357205988662e+00
1.580174657280890127e+00
1.508606924002182659e+00
1.397155527788417118e+00
1.276752464480297666e+00
1.161775855846884697e+00
1.057603238387595068e+00
9.654517956282281377e-01
8.848200633142910831e-01
8.145968203779586636e-01
7.535335829721493406e-01
7.004336234325725385e-01
6.542188073127443992e-01
6.139450655596953021e-01
5.787971859244063211e-01
5.480761470889482512e-01
5.211846343767750911e-01
4.976130693220050527e-01
4.769270442726977199e-01
4.587564365994185045e-01
4.427862328033970174e-01
4.287490209168712818e-01
4.164191058032691295e-01
4.056081400430910922e-01
3.961616609268471256e-01
3.879536860884131300e-01
3.808691884215825718e-01
3.747506162604027358e-01
3.693092390330997565e-01
3.642196699108050106e-01
3.595012443952738668e-01
3.553381075651587673e-01
3.517852141683118217e-01
3.488036675463092040e-01
3.463309180121563191e-01
3.443083467780879148e-01
3.426868428408235134e-01
3.414260043554558921e-01
3.404923105051180787e-01
3.398575531550729334e-01
3.394976816869500480e-01
3.393919757100959389e-01
3.395224456307653904e-01
3.398733871913933169e-01
3.404310409752676625e-01
3.411833252120238802e-01
3.421196213194140912e-01
3.432305985649944935e-01
3.445080685942080723e-01
3.459448633535437967e-01
3.475347317512235690e-01
3.492722516107970576e-01
3.511527543063343582e-01
3.531722600561815195e-01
3.553274222786117487e-01
3.576154797295401089e-01
3.600342153833278602e-01
3.625819212047178275e-01
3.652573681078129519e-01
3.680597805169775194e-01
3.709888150416416064e-01
3.740445428573797026e-01
3.772274354529852047e-01
3.805383534604492302e-01
3.839785383337876445e-01
3.875496066853427735e-01
3.912535471256822217e-01
3.950927194867442371e-01
3.990698563381925856e-01
4.031880667349625469e-01
4.074508421602013875e-01
4.118620646530682938e-01
4.164260171355611551e-01
4.211473959774937326e-01
4.260313258644918832e-01
4.310833770612197413e-01
4.363095851919334134e-01
4.417164736939407921e-01
4.473110791381262330e-01
4.531009796562270875e-01
4.590943267696734886e-01
4.652998809829775873e-01
4.717270515909687822e-01
4.783859412606280559e-01
4.852873960953189014e-01
4.924430620869584274e-01
4.998654491330138949e-01
5.075680041747697713e-01
5.155651955550197840e-01
5.238726114818405000e-01
5.325070766571493586e-01
5.414867929079881792e-01
5.508315124212584957e-01
5.605627565747294261e-01
5.707041005188585592e-01
5.812815556629880032e-01
5.923241029268269120e-01
6.038644665270076484e-01
6.159402862422286296e-01
6.285959770970566129e-01
6.418858284501901545e-01
6.558794493262719572e-01
6.706719033048788026e-01
6.864038041979173554e-01
7.033040431470238829e-01
7.217877476418677052e-01
7.426980767590749544e-01
7.679278812894003714e-01
8.017177339369335742e-01
8.428093920159621666e-01
8.454499175508254361e-01
8.494472577745082464e-01
8.645250594718942860e-01
8.852155200451903294e-01
9.092012993646030328e-01
9.356170470754735513e-01
9.641615118815406449e-01
9.947717424171508283e-01
1.027500200690734555e+00
1.062465828447869187e+00
1.099834257572706475e+00
1.139810715908239791e+00
1.182639201716293664e+00
1.228605307137012881e+00
1.278041625965471217e+00
1.331335342247117248e+00
1.388937831918261256e+00
1.451376028182027822e+00
1.519264779503046725e+00
1.593318041502022941e+00
1.674353466909554777e+00
1.763277438844287559e+00
1.861020473350632365e+00
1.968354209808452548e+00
2.085435639315313061e+00
2.210746833066869144e+00
2.338786122970978099e+00
2.455518617232218759e+00
2.531128938991043853e+00
2.524572967763219378e+00
2.441269957956285097e+00
2.323041008349749248e+00
2.196649837225105095e+00
2.074320896045627194e+00
1.960678263778146801e+00
1.856859301729722134e+00
1.762561100875190911e+00
1.676968911336458312e+00
1.599151323615092712e+00
1.528216665993644696e+00
1.463366291055083090e+00
1.403904968220277327e+00
1.349234660413616282e+00
1.298842986993811399e+00
1.252291121270419749e+00
1.209203061038208959e+00
1.169257118965112197e+00
1.132180281500769325e+00
1.097746542808252679e+00
1.065781429552443482e+00
1.036175614768521713e+00
1.008899732115523529e+00
9.839252145145194195e-01
9.606689205083587257e-01
9.375365520646175010e-01
9.147446300996484592e-01
8.934147901466206187e-01
8.736956450112425276e-01
8.554067536576674957e-01
8.383689057309334780e-01
8.224464072959632999e-01
8.075360040046536403e-01
7.935550999238334402e-01
7.804344928096615952e-01
7.681142127434059663e-01
7.565410934523487674e-01
7.456672836708436725e-01
7.354492789817500542e-01
7.258472530930911715e-01
7.168245694309480776e-01
7.083474067046900968e-01
7.003844600977122692e-01
6.929066950464460861e-01
6.858871392185008631e-01
6.793007033494895541e-01
6.731240246435703511e-01
6.673353283400172975e-01
6.619143042677702038e-01
6.568419960185848394e-01
