1.000000000000000000e+09
1.399399399399399281e+09
1.798798798798798800e+09
2.198198198198198318e+09
2.597597597597597599e+09
2.996996996996996880e+09
3.396396396396396637e+09
3.795795795795795918e+09
4.195195195195195198e+09
4.594594594594594955e+09
4.993993993993993759e+09
5.393393393393393517e+09
5.792792792792793274e+09
6.192192192192192078e+09
6.591591591591591835e+09
6.990990990990990639e+09
7.390390390390390396e+09
7.789789789789790154e+09
8.189189189189188957e+09
8.588588588588588715e+09
8.987987987987987518e+09
9.387387387387386322e+09
9.786786786786787033e+09
1.018618618618618584e+10
1.058558558558558655e+10
1.098498498498498535e+10
1.138438438438438416e+10
1.178378378378378296e+10
1.218318318318318367e+10
1.258258258258258247e+10
1.298198198198198128e+10
1.338138138138138199e+10
1.378078078078078079e+10
1.418018018018017960e+10
1.457957957957958031e+10
1.497897897897897911e+10
1.537837837837837791e+10
1.577777777777777863e+10
1.617717717717717743e+10
1.657657657657657623e+10
1.697597597597597504e+10
1.737537537537537384e+10
1.777477477477477264e+10
1.817417417417417145e+10
1.857357357357357407e+10
1.897297297297297287e+10
1.937237237237237167e+10
1.977177177177177048e+10
2.017117117117117310e+10
2.057057057057057190e+10
2.096996996996997070e+10
2.136936936936936951e+10
2.176876876876876831e+10
2.216816816816816711e+10
2.256756756756756592e+10
2.296696696696696854e+10
2.336636636636636734e+10
2.376576576576576614e+10
2.416516516516516495e+10
2.456456456456456375e+10
2.496396396396396255e+10
2.536336336336336517e+10
2.576276276276276398e+10
2.616216216216216278e+10
2.656156156156156158e+10
2.696096096096096039e+10
2.736036036036035919e+10
2.775975975975975800e+10
2.815915915915916061e+10
2.855855855855855942e+10
2.895795795795795822e+10
2.935735735735735703e+10
2.975675675675675583e+10
3.015615615615615463e+10
3.055555555555555725e+10
3.095495495495495605e+10
3.135435435435435486e+10
3.175375375375375366e+10
3.215315315315315247e+10
3.255255255255255127e+10
3.295195195195195007e+10
3.335135135135135269e+10
3.375075075075075150e+10
3.415015015015015030e+10
3.454954954954954529e+10
3.494894894894894409e+10
3.534834834834834290e+10
3.574774774774774933e+10
3.614714714714714813e+10
3.654654654654654694e+10
3.694594594594594574e+10
3.734534534534534454e+10
3.774474474474474335e+10
3.814414414414414215e+10
3.854354354354354095e+10
3.894294294294293976e+10
3.934234234234234619e+10
3.974174174174174500e+10
4.014114114114114380e+10
4.054054054054054260e+10
4.093993993993994141e+10
4.133933933933934021e+10
4.173873873873873901e+10
4.213813813813813782e+10
4.253753753753753662e+10
4.293693693693693542e+10
4.333633633633633423e+10
4.373573573573573303e+10
4.413513513513513184e+10
4.453453453453453827e+10
4.493393393393393707e+10
4.533333333333333588e+10
4.573273273273273468e+10
4.613213213213213348e+10
4.653153153153153229e+10
4.693093093093093109e+10
4.733033033033032990e+10
4.772972972972972870e+10
4.812912912912912750e+10
4.852852852852852631e+10
4.892792792792792511e+10
4.932732732732732391e+10
4.972672672672673035e+10
5.012612612612612915e+10
5.052552552552552795e+10
5.092492492492492676e+10
5.132432432432432556e+10
5.172372372372372437e+10
5.212312312312312317e+10
5.252252252252252197e+10
5.292192192192192078e+10
5.332132132132131958e+10
5.372072072072071838e+10
5.412012012012011719e+10
5.451951951951951599e+10
5.491891891891892242e+10
5.531831831831832123e+10
5.571771771771772003e+10
5.611711711711711884e+10
5.651651651651651764e+10
5.691591591591591644e+10
5.731531531531531525e+10
5.771471471471471405e+10
5.811411411411411285e+10
5.851351351351351166e+10
5.891291291291291046e+10
5.931231231231230927e+10
5.971171171171170807e+10
6.011111111111111450e+10
6.051051051051051331e+10
6.090990990990991211e+10
6.130930930930931091e+10
6.170870870870870972e+10
6.210810810810810852e+10
6.250750750750750732e+10
6.290690690690690613e+10
6.330630630630630493e+10
6.370570570570570374e+10
6.410510510510510254e+10
6.450450450450450134e+10
6.490390390390390015e+10
6.530330330330330658e+10
6.570270270270270538e+10
6.610210210210210419e+10
6.650150150150150299e+10
6.690090090090090179e+10
6.730030030030030060e+10
6.769969969969969940e+10
6.809909909909909821e+10
6.849849849849849701e+10
6.889789789789788818e+10
6.929729729729730225e+10
6.969669669669668579e+10
7.009609609609609985e+10
7.049549549549549866e+10
7.089489489489489746e+10
7.129429429429429626e+10
7.169369369369369507e+10
7.209309309309309387e+10
7.249249249249249268e+10
7.289189189189189148e+10
7.329129129129129028e+10
7.369069069069068909e+10
7.409009009009008789e+10
7.448948948948948669e+10
7.488888888888888550e+10
7.528828828828828430e+10
7.568768768768768311e+10
7.608708708708708191e+10
7.648648648648648071e+10
7.688588588588587952e+10
7.728528528528527832e+10
7.768468468468469238e+10
7.808408408408409119e+10
7.848348348348348999e+10
7.888288288288288879e+10
7.928228228228228760e+10
7.968168168168168640e+10
8.008108108108108521e+10
8.048048048048048401e+10
8.087987987987988281e+10
8.127927927927928162e+10
8.167867867867868042e+10
8.207807807807807922e+10
8.247747747747747803e+10
8.287687687687687683e+10
8.327627627627627563e+10
8.367567567567567444e+10
8.407507507507507324e+10
8.447447447447447205e+10
8.487387387387387085e+10
8.527327327327326965e+10
8.567267267267266846e+10
8.607207207207206726e+10
8.647147147147146606e+10
8.687087087087086487e+10
8.727027027027026367e+10
8.766966966966966248e+10
8.806906906906907654e+10
8.846846846846847534e+10
8.886786786786787415e+10
8.926726726726727295e+10
8.966666666666667175e+10
9.006606606606607056e+10
9.046546546546546936e+10
9.086486486486486816e+10
9.126426426426426697e+10
9.166366366366366577e+10
9.206306306306306458e+10
9.246246246246246338e+10
9.286186186186186218e+10
9.326126126126126099e+10
9.366066066066065979e+10
9.406006006006005859e+10
9.445945945945945740e+10
9.485885885885885620e+10
9.525825825825825500e+10
9.565765765765765381e+10
9.605705705705705261e+10
9.645645645645645142e+10
9.685585585585585022e+10
9.725525525525524902e+10
9.765465465465464783e+10
9.805405405405404663e+10
9.845345345345346069e+10
9.885285285285285950e+10
9.925225225225225830e+10
9.965165165165165710e+10
1.000510510510510559e+11
1.004504504504504547e+11
1.008498498498498535e+11
1.012492492492492523e+11
1.016486486486486511e+11
1.020480480480480499e+11
1.024474474474474487e+11
1.028468468468468475e+11
1.032462462462462463e+11
1.036456456456456451e+11
1.040450450450450439e+11
1.044444444444444427e+11
1.048438438438438416e+11
1.052432432432432404e+11
1.056426426426426392e+11
1.060420420420420380e+11
1.064414414414414368e+11
1.068408408408408356e+11
1.072402402402402344e+11
1.076396396396396332e+11
1.080390390390390320e+11
1.084384384384384460e+11
1.088378378378378448e+11
1.092372372372372437e+11
1.096366366366366425e+11
1.100360360360360413e+11
1.104354354354354401e+11
1.108348348348348389e+11
1.112342342342342377e+11
1.116336336336336365e+11
1.120330330330330353e+11
1.124324324324324341e+11
1.128318318318318329e+11
1.132312312312312317e+11
1.136306306306306305e+11
1.140300300300300293e+11
1.144294294294294281e+11
1.148288288288288269e+11
1.152282282282282257e+11
1.156276276276276245e+11
1.160270270270270233e+11
1.164264264264264221e+11
1.168258258258258209e+11
1.172252252252252197e+11
1.176246246246246185e+11
1.180240240240240173e+11
1.184234234234234161e+11
1.188228228228228302e+11
1.192222222222222290e+11
1.196216216216216278e+11
1.200210210210210266e+11
1.204204204204204254e+11
1.208198198198198242e+11
1.212192192192192230e+11
1.216186186186186218e+11
1.220180180180180206e+11
1.224174174174174194e+11
1.228168168168168182e+11
1.232162162162162170e+11
1.236156156156156158e+11
1.240150150150150146e+11
1.244144144144144135e+11
1.248138138138138123e+11
1.252132132132132111e+11
1.256126126126126099e+11
1.260120120120120087e+11
1.264114114114114075e+11
1.268108108108108063e+11
1.272102102102102051e+11
1.276096096096096039e+11
1.280090090090090027e+11
1.284084084084084015e+11
1.288078078078078003e+11
1.292072072072072144e+11
1.296066066066066132e+11
1.300060060060060120e+11
1.304054054054054108e+11
1.308048048048048096e+11
1.312042042042042084e+11
1.316036036036036072e+11
1.320030030030030060e+11
1.324024024024024048e+11
1.328018018018018036e+11
1.332012012012012024e+11
1.336006006006006012e+11
1.340000000000000000e+11
1.343993993993993988e+11
1.347987987987987976e+11
1.351981981981981964e+11
1.355975975975975952e+11
1.359969969969969940e+11
1.363963963963963928e+11
1.367957957957957916e+11
1.371951951951951904e+11
1.375945945945946045e+11
1.379939939939939880e+11
1.383933933933933716e+11
1.387927927927927856e+11
1.391921921921921997e+11
1.395915915915915833e+11
1.399909909909909973e+11
1.403903903903903809e+11
1.407897897897897949e+11
1.411891891891891785e+11
1.415885885885885925e+11
1.419879879879879761e+11
1.423873873873873901e+11
1.427867867867867737e+11
1.431861861861861877e+11
1.435855855855855713e+11
1.439849849849849854e+11
1.443843843843843994e+11
1.447837837837837830e+11
1.451831831831831970e+11
1.455825825825825806e+11
1.459819819819819946e+11
1.463813813813813782e+11
1.467807807807807922e+11
1.471801801801801758e+11
1.475795795795795898e+11
1.479789789789789734e+11
1.483783783783783875e+11
1.487777777777777710e+11
1.491771771771771851e+11
1.495765765765765686e+11
1.499759759759759827e+11
1.503753753753753662e+11
1.507747747747747803e+11
1.511741741741741638e+11
1.515735735735735779e+11
1.519729729729729614e+11
1.523723723723723755e+11
1.527717717717717590e+11
1.531711711711711731e+11
1.535705705705705566e+11
1.539699699699699707e+11
1.543693693693693848e+11
1.547687687687687683e+11
1.551681681681681824e+11
1.555675675675675659e+11
1.559669669669669800e+11
1.563663663663663635e+11
1.567657657657657776e+11
1.571651651651651611e+11
1.575645645645645752e+11
1.579639639639639587e+11
1.583633633633633728e+11
1.587627627627627563e+11
1.591621621621621704e+11
1.595615615615615540e+11
1.599609609609609680e+11
1.603603603603603516e+11
1.607597597597597656e+11
1.611591591591591492e+11
1.615585585585585632e+11
1.619579579579579468e+11
1.623573573573573608e+11
1.627567567567567444e+11
1.631561561561561584e+11
1.635555555555555420e+11
1.639549549549549561e+11
1.643543543543543396e+11
1.647537537537537537e+11
1.651531531531531677e+11
1.655525525525525513e+11
1.659519519519519653e+11
1.663513513513513489e+11
1.667507507507507629e+11
1.671501501501501465e+11
1.675495495495495605e+11
1.679489489489489441e+11
1.683483483483483582e+11
1.687477477477477417e+11
1.691471471471471558e+11
1.695465465465465393e+11
1.699459459459459534e+11
1.703453453453453369e+11
1.707447447447447510e+11
1.711441441441441345e+11
1.715435435435435486e+11
1.719429429429429321e+11
1.723423423423423462e+11
1.727417417417417297e+11
1.731411411411411438e+11
1.735405405405405273e+11
1.739399399399399414e+11
1.743393393393393250e+11
1.747387387387387390e+11
1.751381381381381531e+11
1.755375375375375366e+11
1.759369369369369507e+11
1.763363363363363342e+11
1.767357357357357483e+11
1.771351351351351318e+11
1.775345345345345459e+11
1.779339339339339294e+11
1.783333333333333435e+11
1.787327327327327271e+11
1.791321321321321411e+11
1.795315315315315247e+11
1.799309309309309387e+11
1.803303303303303223e+11
1.807297297297297363e+11
1.811291291291291199e+11
1.815285285285285339e+11
1.819279279279279175e+11
1.823273273273273315e+11
1.827267267267267151e+11
1.831261261261261292e+11
1.835255255255255127e+11
1.839249249249249268e+11
1.843243243243243103e+11
1.847237237237237244e+11
1.851231231231231384e+11
1.855225225225225220e+11
1.859219219219219360e+11
1.863213213213213196e+11
1.867207207207207336e+11
1.871201201201201172e+11
1.875195195195195312e+11
1.879189189189189148e+11
1.883183183183183289e+11
1.887177177177177124e+11
1.891171171171171265e+11
1.895165165165165100e+11
1.899159159159159241e+11
1.903153153153153076e+11
1.907147147147147217e+11
1.911141141141141052e+11
1.915135135135135193e+11
1.919129129129129028e+11
1.923123123123123169e+11
1.927117117117117004e+11
1.931111111111111145e+11
1.935105105105104980e+11
1.939099099099099121e+11
1.943093093093092957e+11
1.947087087087087097e+11
1.951081081081080933e+11
1.955075075075075073e+11
1.959069069069069214e+11
1.963063063063063049e+11
1.967057057057057190e+11
1.971051051051051025e+11
1.975045045045045166e+11
1.979039039039039001e+11
1.983033033033033142e+11
1.987027027027026978e+11
1.991021021021021118e+11
1.995015015015014954e+11
1.999009009009009094e+11
2.003003003003002930e+11
2.006996996996997070e+11
2.010990990990990906e+11
2.014984984984985046e+11
2.018978978978978882e+11
2.022972972972973022e+11
2.026966966966966858e+11
2.030960960960960999e+11
2.034954954954954834e+11
2.038948948948948975e+11
2.042942942942942810e+11
2.046936936936936951e+11
2.050930930930930786e+11
2.054924924924924927e+11
2.058918918918919067e+11
2.062912912912912903e+11
2.066906906906907043e+11
2.070900900900900879e+11
2.074894894894895020e+11
2.078888888888888855e+11
2.082882882882882996e+11
2.086876876876876831e+11
2.090870870870870972e+11
2.094864864864864807e+11
2.098858858858858948e+11
2.102852852852852783e+11
2.106846846846846924e+11
2.110840840840840759e+11
2.114834834834834900e+11
2.118828828828828735e+11
2.122822822822822876e+11
2.126816816816816711e+11
2.130810810810810852e+11
2.134804804804804688e+11
2.138798798798798828e+11
2.142792792792792664e+11
2.146786786786786804e+11
2.150780780780780640e+11
2.154774774774774780e+11
2.158768768768768921e+11
2.162762762762762756e+11
2.166756756756756897e+11
2.170750750750750732e+11
2.174744744744744873e+11
2.178738738738738708e+11
2.182732732732732849e+11
2.186726726726726685e+11
2.190720720720720825e+11
2.194714714714714661e+11
2.198708708708708801e+11
2.202702702702702637e+11
2.206696696696696777e+11
2.210690690690690613e+11
2.214684684684684753e+11
2.218678678678678589e+11
2.222672672672672729e+11
2.226666666666666565e+11
2.230660660660660706e+11
2.234654654654654541e+11
2.238648648648648682e+11
2.242642642642642517e+11
2.246636636636636658e+11
2.250630630630630493e+11
2.254624624624624634e+11
2.258618618618618469e+11
2.262612612612612610e+11
2.266606606606606750e+11
2.270600600600600586e+11
2.274594594594594727e+11
2.278588588588588562e+11
2.282582582582582703e+11
2.286576576576576538e+11
2.290570570570570679e+11
2.294564564564564514e+11
2.298558558558558655e+11
2.302552552552552490e+11
2.306546546546546631e+11
2.310540540540540466e+11
2.314534534534534607e+11
2.318528528528528442e+11
2.322522522522522583e+11
2.326516516516516418e+11
2.330510510510510559e+11
2.334504504504504395e+11
2.338498498498498535e+11
2.342492492492492371e+11
2.346486486486486511e+11
2.350480480480480347e+11
2.354474474474474487e+11
2.358468468468468323e+11
2.362462462462462463e+11
2.366456456456456604e+11
2.370450450450450439e+11
2.374444444444444580e+11
2.378438438438438416e+11
2.382432432432432556e+11
2.386426426426426392e+11
2.390420420420420532e+11
2.394414414414414368e+11
2.398408408408408508e+11
2.402402402402402344e+11
2.406396396396396484e+11
2.410390390390390320e+11
2.414384384384384460e+11
2.418378378378378296e+11
2.422372372372372437e+11
2.426366366366366272e+11
2.430360360360360413e+11
2.434354354354354248e+11
2.438348348348348389e+11
2.442342342342342224e+11
2.446336336336336365e+11
2.450330330330330200e+11
2.454324324324324341e+11
2.458318318318318176e+11
2.462312312312312317e+11
2.466306306306306458e+11
2.470300300300300293e+11
2.474294294294294434e+11
2.478288288288288269e+11
2.482282282282282410e+11
2.486276276276276245e+11
2.490270270270270386e+11
2.494264264264264221e+11
2.498258258258258362e+11
2.502252252252252197e+11
2.506246246246246338e+11
2.510240240240240173e+11
2.514234234234234314e+11
2.518228228228228149e+11
2.522222222222222290e+11
2.526216216216216125e+11
2.530210210210210266e+11
2.534204204204204102e+11
2.538198198198198242e+11
2.542192192192192078e+11
2.546186186186186218e+11
2.550180180180180054e+11
2.554174174174174194e+11
2.558168168168168030e+11
2.562162162162162170e+11
2.566156156156156006e+11
2.570150150150150146e+11
2.574144144144144287e+11
2.578138138138138123e+11
2.582132132132132263e+11
2.586126126126126099e+11
2.590120120120120239e+11
2.594114114114114075e+11
2.598108108108108215e+11
2.602102102102102051e+11
2.606096096096096191e+11
2.610090090090090027e+11
2.614084084084084167e+11
2.618078078078078003e+11
2.622072072072072144e+11
2.626066066066065979e+11
2.630060060060060120e+11
2.634054054054053955e+11
2.638048048048048096e+11
2.642042042042041931e+11
2.646036036036036072e+11
2.650030030030029907e+11
2.654024024024024048e+11
2.658018018018017883e+11
2.662012012012012024e+11
2.666006006006005859e+11
2.670000000000000000e+11
2.673993993993994141e+11
2.677987987987987976e+11
2.681981981981982117e+11
2.685975975975975952e+11
2.689969969969970093e+11
2.693963963963963928e+11
2.697957957957958069e+11
2.701951951951951904e+11
2.705945945945946045e+11
2.709939939939939880e+11
2.713933933933934021e+11
2.717927927927927856e+11
2.721921921921921997e+11
2.725915915915915833e+11
2.729909909909909973e+11
2.733903903903903809e+11
2.737897897897897949e+11
2.741891891891891785e+11
2.745885885885885925e+11
2.749879879879879761e+11
2.753873873873873901e+11
2.757867867867867432e+11
2.761861861861861572e+11
2.765855855855855713e+11
2.769849849849849854e+11
2.773843843843843994e+11
2.777837837837838135e+11
2.781831831831831665e+11
2.785825825825825806e+11
2.789819819819819946e+11
2.793813813813814087e+11
2.797807807807807617e+11
2.801801801801801758e+11
2.805795795795795898e+11
2.809789789789790039e+11
2.813783783783783569e+11
2.817777777777777710e+11
2.821771771771771851e+11
2.825765765765765991e+11
2.829759759759759521e+11
2.833753753753753662e+11
2.837747747747747803e+11
2.841741741741741943e+11
2.845735735735735474e+11
2.849729729729729614e+11
2.853723723723723755e+11
2.857717717717717896e+11
2.861711711711711426e+11
2.865705705705705566e+11
2.869699699699699707e+11
2.873693693693693848e+11
2.877687687687687988e+11
2.881681681681681519e+11
2.885675675675675659e+11
2.889669669669669800e+11
2.893663663663663940e+11
2.897657657657657471e+11
2.901651651651651611e+11
2.905645645645645752e+11
2.909639639639639893e+11
2.913633633633633423e+11
2.917627627627627563e+11
2.921621621621621704e+11
2.925615615615615845e+11
2.929609609609609375e+11
2.933603603603603516e+11
2.937597597597597656e+11
2.941591591591591797e+11
2.945585585585585327e+11
2.949579579579579468e+11
2.953573573573573608e+11
2.957567567567567749e+11
2.961561561561561279e+11
2.965555555555555420e+11
2.969549549549549561e+11
2.973543543543543701e+11
2.977537537537537842e+11
2.981531531531531372e+11
2.985525525525525513e+11
2.989519519519519653e+11
2.993513513513513794e+11
2.997507507507507324e+11
3.001501501501501465e+11
3.005495495495495605e+11
3.009489489489489746e+11
3.013483483483483276e+11
3.017477477477477417e+11
3.021471471471471558e+11
3.025465465465465698e+11
3.029459459459459229e+11
3.033453453453453369e+11
3.037447447447447510e+11
3.041441441441441650e+11
3.045435435435435181e+11
3.049429429429429321e+11
3.053423423423423462e+11
3.057417417417417603e+11
3.061411411411411133e+11
3.065405405405405273e+11
3.069399399399399414e+11
3.073393393393393555e+11
3.077387387387387695e+11
3.081381381381381226e+11
3.085375375375375366e+11
3.089369369369369507e+11
3.093363363363363647e+11
3.097357357357357178e+11
3.101351351351351318e+11
3.105345345345345459e+11
3.109339339339339600e+11
3.113333333333333130e+11
3.117327327327327271e+11
3.121321321321321411e+11
3.125315315315315552e+11
3.129309309309309082e+11
3.133303303303303223e+11
3.137297297297297363e+11
3.141291291291291504e+11
3.145285285285285034e+11
3.149279279279279175e+11
3.153273273273273315e+11
3.157267267267267456e+11
3.161261261261260986e+11
3.165255255255255127e+11
3.169249249249249268e+11
3.173243243243243408e+11
3.177237237237236938e+11
3.181231231231231079e+11
3.185225225225225220e+11
3.189219219219219360e+11
3.193213213213213501e+11
3.197207207207207031e+11
3.201201201201201172e+11
3.205195195195195312e+11
3.209189189189189453e+11
3.213183183183182983e+11
3.217177177177177124e+11
3.221171171171171265e+11
3.225165165165165405e+11
3.229159159159158936e+11
3.233153153153153076e+11
3.237147147147147217e+11
3.241141141141141357e+11
3.245135135135134888e+11
3.249129129129129028e+11
3.253123123123123169e+11
3.257117117117117310e+11
3.261111111111110840e+11
3.265105105105104980e+11
3.269099099099099121e+11
3.273093093093093262e+11
3.277087087087086792e+11
3.281081081081080933e+11
3.285075075075075073e+11
3.289069069069069214e+11
3.293063063063063354e+11
3.297057057057056885e+11
3.301051051051051025e+11
3.305045045045045166e+11
3.309039039039039307e+11
3.313033033033032837e+11
3.317027027027026978e+11
3.321021021021021118e+11
3.325015015015015259e+11
3.329009009009008789e+11
3.333003003003002930e+11
3.336996996996997070e+11
3.340990990990991211e+11
3.344984984984984741e+11
3.348978978978978882e+11
3.352972972972973022e+11
3.356966966966967163e+11
3.360960960960960693e+11
3.364954954954954834e+11
3.368948948948948975e+11
3.372942942942943115e+11
3.376936936936936646e+11
3.380930930930930786e+11
3.384924924924924927e+11
3.388918918918919067e+11
3.392912912912913208e+11
3.396906906906906738e+11
3.400900900900900879e+11
3.404894894894895020e+11
3.408888888888889160e+11
3.412882882882882690e+11
3.416876876876876831e+11
3.420870870870870972e+11
3.424864864864865112e+11
3.428858858858858643e+11
3.432852852852852783e+11
3.436846846846846924e+11
3.440840840840841064e+11
3.444834834834834595e+11
3.448828828828828735e+11
3.452822822822822876e+11
3.456816816816817017e+11
3.460810810810810547e+11
3.464804804804804688e+11
3.468798798798798828e+11
3.472792792792792969e+11
3.476786786786786499e+11
3.480780780780780640e+11
3.484774774774774780e+11
3.488768768768768921e+11
3.492762762762763062e+11
3.496756756756756592e+11
3.500750750750750732e+11
3.504744744744744873e+11
3.508738738738739014e+11
3.512732732732732544e+11
3.516726726726726685e+11
3.520720720720720825e+11
3.524714714714714966e+11
3.528708708708708496e+11
3.532702702702702637e+11
3.536696696696696777e+11
3.540690690690690918e+11
3.544684684684684448e+11
3.548678678678678589e+11
3.552672672672672729e+11
3.556666666666666870e+11
3.560660660660660400e+11
3.564654654654654541e+11
3.568648648648648682e+11
3.572642642642642822e+11
3.576636636636636353e+11
3.580630630630630493e+11
3.584624624624624634e+11
3.588618618618618774e+11
3.592612612612612915e+11
3.596606606606606445e+11
3.600600600600600586e+11
3.604594594594594727e+11
3.608588588588588867e+11
3.612582582582582397e+11
3.616576576576576538e+11
3.620570570570570679e+11
3.624564564564564819e+11
3.628558558558558350e+11
3.632552552552552490e+11
3.636546546546546631e+11
3.640540540540540771e+11
3.644534534534534302e+11
3.648528528528528442e+11
3.652522522522522583e+11
3.656516516516516724e+11
3.660510510510510254e+11
3.664504504504504395e+11
3.668498498498498535e+11
3.672492492492492676e+11
3.676486486486486206e+11
3.680480480480480347e+11
3.684474474474474487e+11
3.688468468468468628e+11
3.692462462462462769e+11
3.696456456456456299e+11
3.700450450450450439e+11
3.704444444444444580e+11
3.708438438438438721e+11
3.712432432432432251e+11
3.716426426426426392e+11
3.720420420420420532e+11
3.724414414414414673e+11
3.728408408408408203e+11
3.732402402402402344e+11
3.736396396396396484e+11
3.740390390390390625e+11
3.744384384384384155e+11
3.748378378378378296e+11
3.752372372372372437e+11
3.756366366366366577e+11
3.760360360360360107e+11
3.764354354354354248e+11
3.768348348348348389e+11
3.772342342342342529e+11
3.776336336336336060e+11
3.780330330330330200e+11
3.784324324324324341e+11
3.788318318318318481e+11
3.792312312312312012e+11
3.796306306306306152e+11
3.800300300300300293e+11
3.804294294294294434e+11
3.808288288288288574e+11
3.812282282282282104e+11
3.816276276276276245e+11
3.820270270270270386e+11
3.824264264264264526e+11
3.828258258258258057e+11
3.832252252252252197e+11
3.836246246246246338e+11
3.840240240240240479e+11
3.844234234234234009e+11
3.848228228228228149e+11
3.852222222222222290e+11
3.856216216216216431e+11
3.860210210210209961e+11
3.864204204204204102e+11
3.868198198198198242e+11
3.872192192192192383e+11
3.876186186186185913e+11
3.880180180180180054e+11
3.884174174174174194e+11
3.888168168168168335e+11
3.892162162162161865e+11
3.896156156156156006e+11
3.900150150150150146e+11
3.904144144144144287e+11
3.908138138138138428e+11
3.912132132132131958e+11
3.916126126126126099e+11
3.920120120120120239e+11
3.924114114114114380e+11
3.928108108108107910e+11
3.932102102102102051e+11
3.936096096096096191e+11
3.940090090090090332e+11
3.944084084084083862e+11
3.948078078078078003e+11
3.952072072072072144e+11
3.956066066066066284e+11
3.960060060060059814e+11
3.964054054054053955e+11
3.968048048048048096e+11
3.972042042042042236e+11
3.976036036036035767e+11
3.980030030030029907e+11
3.984024024024024048e+11
3.988018018018018188e+11
3.992012012012011719e+11
3.996006006006005859e+11
4.000000000000000000e+11
