     63 2.000000000000000000e+00 1.602011000000000000e+07 7.271833333333333371e+01 -7.316944444444444251e+00 2.875000000000000000e+03 5.000000000000000000e+00
     63 2.000000000000000000e+00 1.603010000000000000e+07 7.301861111111111313e+01 -8.025277777777779065e+00 2.240000000000000000e+03 3.000000000000000000e+00
     63 2.000000000000000000e+00 1.604002000000000000e+07 7.309999999999999432e+01 -8.283333333333333215e+00 1.900000000000000000e+03 3.000000000000000000e+00
     63 2.000000000000000000e+00 1.605012000000000000e+07 7.321916666666666629e+01 -8.036388888888888360e+00 1.700000000000000000e+03 1.000000000000000000e+00
     63 2.000000000000000000e+00 1.605013000000000000e+07 7.323444444444444912e+01 -8.004722222222222072e+00 1.800000000000000000e+03 3.000000000000000000e+00
     63 2.000000000000000000e+00 1.605016000000000000e+07 7.323333333333333428e+01 -8.050000000000000711e+00 1.650000000000000000e+03 1.000000000000000000e+00
     63 2.000000000000000000e+00 1.605017000000000000e+07 7.342333333333333201e+01 -8.400555555555555998e+00 1.545000000000000000e+03 1.000000000000000000e+00
     63 2.000000000000000000e+00 1.605508000000000000e+07 7.321361111111112052e+01 -8.407777777777777573e+00 1.650000000000000000e+03 1.000000000000000000e+00
     63 2.000000000000000000e+00 2.110007000000000000e+07 7.523499999999999943e+01 -2.561666666666666536e+00 1.750000000000000000e+03 3.000000000000000000e+00
     63 2.000000000000000000e+00 2.110008000000000000e+07 7.520666666666666345e+01 -2.615277777777778034e+00 1.525000000000000000e+03 3.000000000000000000e+00
     63 2.000000000000000000e+00 2.120051000000000000e+07 7.425000000000000000e+01 -4.516666666666666607e+00 2.618000000000000000e+03 0.000000000000000000e+00
     63 2.000000000000000000e+00 2.120055000000000000e+07 7.425000000000000000e+01 -4.866666666666667140e+00 2.725000000000000000e+03 0.000000000000000000e+00
     63 2.000000000000000000e+00 2.120069000000000000e+07 7.431666666666666288e+01 -4.799999999999999822e+00 2.610000000000000000e+03 0.000000000000000000e+00
     63 2.000000000000000000e+00 2.120077000000000000e+07 7.403333333333333144e+01 -4.783333333333333215e+00 2.579000000000000000e+03 0.000000000000000000e+00
     63 2.000000000000000000e+00 2.120107000000000000e+07 7.426666666666666572e+01 -4.866666666666667140e+00 2.580000000000000000e+03 0.000000000000000000e+00
     63 2.000000000000000000e+00 2.120112000000000000e+07 7.401666666666666572e+01 -4.633333333333332860e+00 3.045000000000000000e+03 0.000000000000000000e+00
     63 2.000000000000000000e+00 2.120114000000000000e+07 7.417972222222222456e+01 -4.801944444444444571e+00 2.555000000000000000e+03 0.000000000000000000e+00
     63 2.000000000000000000e+00 2.120118000000000000e+07 7.394111111111111256e+01 -5.184166666666667034e+00 2.950000000000000000e+03 2.000000000000000000e+00
     63 2.000000000000000000e+00 2.120121000000000000e+07 7.415361111111111825e+01 -4.866666666666667140e+00 2.575000000000000000e+03 0.000000000000000000e+00
     63 2.000000000000000000e+00 2.120123000000000000e+07 7.407027777777777544e+01 -4.701111111111111462e+00 2.520000000000000000e+03 0.000000000000000000e+00
     63 2.000000000000000000e+00 2.120127000000000000e+07 7.423333333333333428e+01 -4.816666666666666430e+00 2.550000000000000000e+03 0.000000000000000000e+00
     63 2.000000000000000000e+00 2.120136000000000000e+07 7.413333333333333997e+01 -4.816666666666666430e+00 2.550000000000000000e+03 0.000000000000000000e+00
     36 1.000000000000000000e+00 2.120141000000000000e+07 7.388333333333333997e+01 -5.049999999999999822e+00 2.600000000000000000e+03 0.000000000000000000e+00
     63 2.000000000000000000e+00 2.120154000000000000e+07 7.420000000000000284e+01 -4.599999999999999645e+00 2.640000000000000000e+03 0.000000000000000000e+00
     63 2.000000000000000000e+00 2.120155000000000000e+07 7.422638888888889142e+01 -4.796666666666666856e+00 2.560000000000000000e+03 0.000000000000000000e+00
     63 2.000000000000000000e+00 2.120162000000000000e+07 7.379694444444444912e+01 -5.109444444444443789e+00 2.575000000000000000e+03 0.000000000000000000e+00
     63 2.000000000000000000e+00 2.120166000000000000e+07 7.428333333333333144e+01 -4.599999999999999645e+00 2.607000000000000000e+03 0.000000000000000000e+00
     63 2.000000000000000000e+00 2.120172000000000000e+07 7.420000000000000284e+01 -4.516666666666666607e+00 2.890000000000000000e+03 0.000000000000000000e+00
     63 2.000000000000000000e+00 2.120176000000000000e+07 7.406666666666666288e+01 -4.983333333333333393e+00 2.680000000000000000e+03 0.000000000000000000e+00
    112 3.000000000000000000e+00 2.120540000000000000e+07 7.386666666666666003e+01 -5.116666666666666252e+00 2.580000000000000000e+03 0.000000000000000000e+00
     84 2.000000000000000000e+00 2.120557000000000000e+07 7.421666666666666856e+01 -4.849999999999999645e+00 2.590000000000000000e+03 0.000000000000000000e+00
     63 2.000000000000000000e+00 2.120589000000000000e+07 7.405416666666666003e+01 -4.885833333333333250e+00 2.550000000000000000e+03 0.000000000000000000e+00
     63 2.000000000000000000e+00 2.120591000000000000e+07 7.400111111111111484e+01 -4.989166666666666750e+00 2.600000000000000000e+03 0.000000000000000000e+00
     63 2.000000000000000000e+00 2.120592000000000000e+07 7.396388888888888857e+01 -4.820833333333332860e+00 2.650000000000000000e+03 0.000000000000000000e+00
     63 2.000000000000000000e+00 2.120602000000000000e+07 7.410805555555555202e+01 -4.914166666666667460e+00 2.575000000000000000e+03 0.000000000000000000e+00
     63 2.000000000000000000e+00 2.120606000000000000e+07 7.425333333333333030e+01 -4.716944444444444606e+00 2.575000000000000000e+03 0.000000000000000000e+00
     63 2.000000000000000000e+00 2.120621000000000000e+07 7.415722222222223081e+01 -4.736111111111111605e+00 2.560000000000000000e+03 0.000000000000000000e+00
     63 2.000000000000000000e+00 2.120629000000000000e+07 7.441666666666667140e+01 -4.866666666666667140e+00 2.673000000000000000e+03 5.000000000000000000e+00
     63 2.000000000000000000e+00 2.120634000000000000e+07 7.436666666666666003e+01 -4.466666666666666785e+00 2.700000000000000000e+03 0.000000000000000000e+00
     36 1.000000000000000000e+00 2.121010000000000000e+07 7.533027777777778056e+01 -4.600277777777777466e+00 2.670000000000000000e+03 4.000000000000000000e+00
     63 2.000000000000000000e+00 2.121013000000000000e+07 7.551111111111110574e+01 -4.379999999999999893e+00 2.070000000000000000e+03 4.000000000000000000e+00
     36 1.000000000000000000e+00 2.124509000000000000e+07 7.525000000000000000e+01 -4.716666666666666785e+00 3.250000000000000000e+03 4.000000000000000000e+00
     63 2.000000000000000000e+00 2.124513000000000000e+07 7.513888888888889994e+01 -4.735833333333333783e+00 2.750000000000000000e+03 4.000000000000000000e+00
     36 1.000000000000000000e+00 2.125049000000000000e+07 7.513333333333333997e+01 -4.883333333333332860e+00 2.400000000000000000e+03 4.000000000000000000e+00
     36 1.000000000000000000e+00 2.201006000000000000e+07 7.576666666666666572e+01 -3.383333333333333304e+00 2.120000000000000000e+03 4.000000000000000000e+00
     63 2.000000000000000000e+00 2.207003000000000000e+07 7.549944444444444969e+01 -4.124444444444444358e+00 2.700000000000000000e+03 4.000000000000000000e+00
     63 2.000000000000000000e+00 2.312012000000000000e+07 7.391666666666667140e+01 -5.599999999999999645e+00 2.800000000000000000e+03 5.000000000000000000e+00
     63 2.000000000000000000e+00 2.319045000000000000e+07 7.287833333333333030e+01 -7.308888888888888324e+00 3.220000000000000000e+03 5.000000000000000000e+00
     63 2.000000000000000000e+00 2.401007000000000000e+07 7.370972222222222570e+01 -5.303055555555554967e+00 2.650000000000000000e+03 0.000000000000000000e+00
     63 2.000000000000000000e+00 2.401014000000000000e+07 7.377055555555556055e+01 -5.250833333333333464e+00 2.620000000000000000e+03 0.000000000000000000e+00
     63 2.000000000000000000e+00 2.401017000000000000e+07 7.369083333333333030e+01 -5.385833333333334139e+00 2.690000000000000000e+03 0.000000000000000000e+00
     63 2.000000000000000000e+00 2.401018000000000000e+07 7.363111111111111029e+01 -5.538611111111110930e+00 2.290000000000000000e+03 0.000000000000000000e+00
     63 2.000000000000000000e+00 2.401028000000000000e+07 7.371666666666666856e+01 -5.299999999999999822e+00 2.585000000000000000e+03 0.000000000000000000e+00
     63 2.000000000000000000e+00 2.401029000000000000e+07 7.361666666666666003e+01 -5.616666666666667140e+00 2.090000000000000000e+03 0.000000000000000000e+00
     63 2.000000000000000000e+00 2.401041000000000000e+07 7.354388888888888687e+01 -5.601388888888888751e+00 2.120000000000000000e+03 0.000000000000000000e+00
     63 2.000000000000000000e+00 2.401044000000000000e+07 7.384999999999999432e+01 -5.383333333333333748e+00 3.130000000000000000e+03 2.000000000000000000e+00
     63 2.000000000000000000e+00 2.401046000000000000e+07 7.359999999999999432e+01 -5.716666666666666785e+00 2.370000000000000000e+03 0.000000000000000000e+00
     63 2.000000000000000000e+00 2.401061000000000000e+07 7.390444444444445082e+01 -5.351111111111110930e+00 2.970000000000000000e+03 2.000000000000000000e+00
     63 2.000000000000000000e+00 2.401083000000000000e+07 7.345027777777778510e+01 -5.639999999999999680e+00 2.985000000000000000e+03 2.000000000000000000e+00
     63 2.000000000000000000e+00 2.401084000000000000e+07 7.338555555555555543e+01 -5.634444444444444144e+00 3.195000000000000000e+03 2.000000000000000000e+00
     63 2.000000000000000000e+00 2.401106000000000000e+07 7.380138888888888005e+01 -5.462222222222222534e+00 2.600000000000000000e+03 0.000000000000000000e+00
     63 2.000000000000000000e+00 2.401108000000000000e+07 7.375249999999999773e+01 -5.247777777777777430e+00 2.562000000000000000e+03 0.000000000000000000e+00
     63 2.000000000000000000e+00 2.401109000000000000e+07 7.379138888888888914e+01 -5.327222222222221859e+00 2.555000000000000000e+03 0.000000000000000000e+00
     63 2.000000000000000000e+00 2.401511000000000000e+07 7.385166666666665947e+01 -5.303611111111110610e+00 2.610000000000000000e+03 0.000000000000000000e+00
     63 2.000000000000000000e+00 2.401513000000000000e+07 7.384999999999999432e+01 -5.500000000000000000e+00 2.572000000000000000e+03 0.000000000000000000e+00
     63 2.000000000000000000e+00 2.401521000000000000e+07 7.384999999999999432e+01 -5.250000000000000000e+00 2.700000000000000000e+03 0.000000000000000000e+00
    112 3.000000000000000000e+00 2.401530000000000000e+07 7.354388888888888687e+01 -5.655833333333333712e+00 2.215000000000000000e+03 0.000000000000000000e+00
     63 2.000000000000000000e+00 2.402013000000000000e+07 7.305611111111110745e+01 -6.601666666666666572e+00 1.626000000000000000e+03 3.000000000000000000e+00
     63 2.000000000000000000e+00 2.403012000000000000e+07 7.307638888888888573e+01 -5.523611111111111249e+00 2.678000000000000000e+03 2.000000000000000000e+00
     63 2.000000000000000000e+00 2.403014000000000000e+07 7.325027777777778226e+01 -5.507222222222222463e+00 2.720000000000000000e+03 2.000000000000000000e+00
     63 2.000000000000000000e+00 2.403016000000000000e+07 7.278333333333333144e+01 -5.907500000000000639e+00 2.486000000000000000e+03 2.000000000000000000e+00
     63 2.000000000000000000e+00 2.403019000000000000e+07 7.284972222222221205e+01 -5.724444444444444891e+00 2.970000000000000000e+03 2.000000000000000000e+00
     63 2.000000000000000000e+00 2.403021000000000000e+07 7.269722222222222285e+01 -6.836111111111111249e+00 2.440000000000000000e+03 5.000000000000000000e+00
     63 2.000000000000000000e+00 2.403023000000000000e+07 7.297583333333334110e+01 -5.616111111111110610e+00 2.470000000000000000e+03 2.000000000000000000e+00
     63 2.000000000000000000e+00 2.403026000000000000e+07 7.244444444444444287e+01 -6.406666666666667176e+00 2.749000000000000000e+03 2.000000000000000000e+00
     63 2.000000000000000000e+00 2.403029000000000000e+07 7.258111111111111313e+01 -6.493888888888888822e+00 1.856000000000000000e+03 5.000000000000000000e+00
     63 2.000000000000000000e+00 2.403031000000000000e+07 7.332388888888888800e+01 -5.628888888888889497e+00 2.820000000000000000e+03 2.000000000000000000e+00
     63 2.000000000000000000e+00 2.403033000000000000e+07 7.293166666666667197e+01 -6.939722222222222570e+00 2.050000000000000000e+03 3.000000000000000000e+00
     63 2.000000000000000000e+00 2.403038000000000000e+07 7.323472222222221717e+01 -5.751388888888889106e+00 2.860000000000000000e+03 2.000000000000000000e+00
     63 2.000000000000000000e+00 2.403041000000000000e+07 7.300472222222222740e+01 -5.743611111111111001e+00 2.500000000000000000e+03 2.000000000000000000e+00
     63 2.000000000000000000e+00 2.403045000000000000e+07 7.332333333333332348e+01 -5.606111111111110823e+00 2.645000000000000000e+03 2.000000000000000000e+00
     63 2.000000000000000000e+00 2.403050000000000000e+07 7.328166666666666629e+01 -5.558611111111110503e+00 2.900000000000000000e+03 2.000000000000000000e+00
     63 2.000000000000000000e+00 2.403051000000000000e+07 7.307166666666665833e+01 -5.699166666666666714e+00 2.900000000000000000e+03 2.000000000000000000e+00
     63 2.000000000000000000e+00 2.403053000000000000e+07 7.323333333333333428e+01 -5.684722222222222676e+00 2.580000000000000000e+03 2.000000000000000000e+00
     63 2.000000000000000000e+00 2.403054000000000000e+07 7.297833333333333883e+01 -5.665277777777777857e+00 2.486000000000000000e+03 2.000000000000000000e+00
     63 2.000000000000000000e+00 2.403055000000000000e+07 7.320000000000000284e+01 -5.566666666666666430e+00 2.675000000000000000e+03 2.000000000000000000e+00
     63 2.000000000000000000e+00 2.403057000000000000e+07 7.263527777777778738e+01 -6.061944444444444358e+00 2.328000000000000000e+03 2.000000000000000000e+00
     63 2.000000000000000000e+00 2.403058000000000000e+07 7.259027777777777146e+01 -6.139722222222222747e+00 2.962000000000000000e+03 2.000000000000000000e+00
     63 2.000000000000000000e+00 2.403061000000000000e+07 7.304999999999999716e+01 -5.849999999999999645e+00 2.590000000000000000e+03 2.000000000000000000e+00
     63 2.000000000000000000e+00 2.403065000000000000e+07 7.285555555555555429e+01 -6.033611111111111036e+00 2.833000000000000000e+03 2.000000000000000000e+00
     63 2.000000000000000000e+00 2.403067000000000000e+07 7.277083333333332860e+01 -6.139444444444444926e+00 3.240000000000000000e+03 2.000000000000000000e+00
     63 2.000000000000000000e+00 2.403069000000000000e+07 7.264388888888889539e+01 -5.988333333333333286e+00 3.052000000000000000e+03 2.000000000000000000e+00
     63 2.000000000000000000e+00 2.403070000000000000e+07 7.273277777777778397e+01 -6.514722222222221859e+00 2.400000000000000000e+03 5.000000000000000000e+00
     63 2.000000000000000000e+00 2.403076000000000000e+07 7.291666666666667140e+01 -5.633333333333332860e+00 3.225000000000000000e+03 2.000000000000000000e+00
     63 2.000000000000000000e+00 2.403077000000000000e+07 7.312611111111110063e+01 -5.623333333333333961e+00 2.836000000000000000e+03 2.000000000000000000e+00
     63 2.000000000000000000e+00 2.403078000000000000e+07 7.321666666666666856e+01 -5.599999999999999645e+00 2.690000000000000000e+03 2.000000000000000000e+00
     63 2.000000000000000000e+00 2.403079000000000000e+07 7.293999999999999773e+01 -5.773333333333333428e+00 2.500000000000000000e+03 2.000000000000000000e+00
     63 2.000000000000000000e+00 2.403080000000000000e+07 7.316333333333334110e+01 -5.533611111111111036e+00 3.200000000000000000e+03 2.000000000000000000e+00
     63 2.000000000000000000e+00 2.403094000000000000e+07 7.290777777777778113e+01 -5.755833333333333357e+00 2.500000000000000000e+03 2.000000000000000000e+00
     63 2.000000000000000000e+00 2.403104000000000000e+07 7.298333333333333428e+01 -5.816666666666666430e+00 2.500000000000000000e+03 2.000000000000000000e+00
    112 3.000000000000000000e+00 2.403513000000000000e+07 7.335527777777777203e+01 -5.553333333333332789e+00 2.690000000000000000e+03 2.000000000000000000e+00
     63 2.000000000000000000e+00 2.403514000000000000e+07 7.296666666666666856e+01 -5.683333333333333570e+00 2.500000000000000000e+03 2.000000000000000000e+00
    112 3.000000000000000000e+00 2.403515000000000000e+07 7.289055555555556509e+01 -5.778611111111111143e+00 2.530000000000000000e+03 2.000000000000000000e+00
     36 1.000000000000000000e+00 2.403519000000000000e+07 7.320000000000000284e+01 -5.466666666666666785e+00 3.250000000000000000e+03 2.000000000000000000e+00
     63 2.000000000000000000e+00 2.403530000000000000e+07 7.318750000000000000e+01 -5.596666666666666679e+00 2.700000000000000000e+03 2.000000000000000000e+00
    112 3.000000000000000000e+00 2.403534000000000000e+07 7.296777777777778340e+01 -5.676944444444444571e+00 2.500000000000000000e+03 2.000000000000000000e+00
     63 2.000000000000000000e+00 2.601002000000000000e+07 7.641000000000001080e+01 -2.343333333333333268e+00 2.400000000000000000e+03 4.000000000000000000e+00
     63 2.000000000000000000e+00 2.602002000000000000e+07 7.634888888888887948e+01 -2.624444444444444358e+00 2.540000000000000000e+03 4.000000000000000000e+00
     63 2.000000000000000000e+00 2.602046000000000000e+07 7.640444444444445082e+01 -2.487500000000000266e+00 2.470000000000000000e+03 4.000000000000000000e+00
     63 2.000000000000000000e+00 2.604019000000000000e+07 7.615000000000000568e+01 -3.033333333333333215e+00 2.339000000000000000e+03 4.000000000000000000e+00
     63 2.000000000000000000e+00 2.604020000000000000e+07 7.623333333333333428e+01 -2.966666666666666785e+00 1.713000000000000000e+03 1.000000000000000000e+00
     63 2.000000000000000000e+00 2.604026000000000000e+07 7.626222222222222058e+01 -2.952222222222222303e+00 1.817000000000000000e+03 4.000000000000000000e+00
     63 2.000000000000000000e+00 2.607059000000000000e+07 7.606666666666666288e+01 -3.433333333333333570e+00 2.410000000000000000e+03 4.000000000000000000e+00
     63 2.000000000000000000e+00 2.607511000000000000e+07 7.618555555555555259e+01 -3.313888888888888662e+00 1.626000000000000000e+03 1.000000000000000000e+00
     63 2.000000000000000000e+00 2.608028000000000000e+07 7.660138888888887720e+01 -3.438055555555555642e+00 1.651000000000000000e+03 1.000000000000000000e+00
     63 2.000000000000000000e+00 2.609006000000000000e+07 7.616555555555555657e+01 -3.773055555555555607e+00 1.850000000000000000e+03 4.000000000000000000e+00
     63 2.000000000000000000e+00 2.609038000000000000e+07 7.600000000000000000e+01 -3.633333333333333304e+00 2.875000000000000000e+03 4.000000000000000000e+00
     63 2.000000000000000000e+00 2.609051000000000000e+07 7.609999999999999432e+01 -3.633333333333333304e+00 1.555000000000000000e+03 1.000000000000000000e+00
     36 1.000000000000000000e+00 2.609066000000000000e+07 7.611666666666666003e+01 -3.716666666666666785e+00 3.900000000000000000e+03 5.000000000000000000e+00
     63 2.000000000000000000e+00 2.610038000000000000e+07 7.586666666666666003e+01 -4.083333333333333037e+00 2.290000000000000000e+03 4.000000000000000000e+00
     63 2.000000000000000000e+00 2.610066000000000000e+07 7.596666666666666856e+01 -3.950000000000000178e+00 2.350000000000000000e+03 4.000000000000000000e+00
     63 2.000000000000000000e+00 2.610069000000000000e+07 7.610027777777777658e+01 -3.878888888888889053e+00 2.160000000000000000e+03 4.000000000000000000e+00
     63 2.000000000000000000e+00 2.610079000000000000e+07 7.580555555555555713e+01 -4.057222222222222285e+00 2.711000000000000000e+03 4.000000000000000000e+00
     63 2.000000000000000000e+00 2.610080000000000000e+07 7.606583333333333030e+01 -3.888611111111111018e+00 2.504000000000000000e+03 4.000000000000000000e+00
     63 2.000000000000000000e+00 2.611022000000000000e+07 7.611666666666666003e+01 -4.683333333333333570e+00 1.750000000000000000e+03 1.000000000000000000e+00
     63 2.000000000000000000e+00 2.611043000000000000e+07 7.611666666666666003e+01 -4.633333333333332860e+00 1.514000000000000000e+03 1.000000000000000000e+00
     63 2.000000000000000000e+00 2.611502000000000000e+07 7.615000000000000568e+01 -4.566666666666666430e+00 1.643000000000000000e+03 1.000000000000000000e+00
     63 2.000000000000000000e+00 2.621013000000000000e+07 7.595583333333333087e+01 -6.503333333333332966e+00 2.128000000000000000e+03 3.000000000000000000e+00
     63 2.000000000000000000e+00 2.621014000000000000e+07 7.594527777777777544e+01 -6.218333333333333712e+00 1.792000000000000000e+03 3.000000000000000000e+00
     63 2.000000000000000000e+00 2.622009000000000000e+07 7.595722222222222797e+01 -6.688055555555555642e+00 1.973000000000000000e+03 3.000000000000000000e+00
     63 2.000000000000000000e+00 2.623018000000000000e+07 7.571750000000000114e+01 -6.426944444444444571e+00 1.600000000000000000e+03 3.000000000000000000e+00
     63 2.000000000000000000e+00 2.701080000000000000e+07 7.560722222222221944e+01 -6.399722222222222534e+00 2.600000000000000000e+03 3.000000000000000000e+00
     63 2.000000000000000000e+00 2.906009000000000000e+07 7.359999999999999432e+01 -1.056666666666666643e+01 2.000000000000000000e+03 3.000000000000000000e+00
     36 1.000000000000000000e+00 3.502036000000000000e+07 7.395000000000000284e+01 -4.333333333333333037e+00 2.250000000000000000e+03 3.000000000000000000e+00
     63 2.000000000000000000e+00 3.701008000000000000e+07 7.271277777777777374e+01 -7.198333333333333250e+00 2.650000000000000000e+03 5.000000000000000000e+00
     63 2.000000000000000000e+00 5.201003000000000000e+07 7.733749999999999147e+01 -1.739444444444444571e+00 1.700000000000000000e+03 1.000000000000000000e+00
     63 2.000000000000000000e+00 5.201019000000000000e+07 7.661055555555554974e+01 -2.172222222222222054e+00 2.430000000000000000e+03 4.000000000000000000e+00
     63 2.000000000000000000e+00 5.202002000000000000e+07 7.678166666666666629e+01 -2.004999999999999893e+00 2.272000000000000000e+03 4.000000000000000000e+00
     63 2.000000000000000000e+00 5.203002000000000000e+07 7.700000000000000000e+01 -1.649999999999999911e+00 1.770000000000000000e+03 4.000000000000000000e+00
     63 2.000000000000000000e+00 5.203006000000000000e+07 7.703027777777778340e+01 -1.673888888888888760e+00 1.626000000000000000e+03 4.000000000000000000e+00
     63 2.000000000000000000e+00 5.203008000000000000e+07 7.728333333333333144e+01 -1.550000000000000044e+00 1.680000000000000000e+03 4.000000000000000000e+00
     63 2.000000000000000000e+00 5.204003000000000000e+07 7.728333333333333144e+01 -1.366666666666666696e+00 2.000000000000000000e+03 4.000000000000000000e+00
     63 2.000000000000000000e+00 5.204004000000000000e+07 7.714972222222222342e+01 -1.404166666666666563e+00 2.020000000000000000e+03 4.000000000000000000e+00
     63 2.000000000000000000e+00 5.204006000000000000e+07 7.717388888888889653e+01 -1.287222222222222046e+00 2.576000000000000000e+03 4.000000000000000000e+00
     84 3.000000000000000000e+00 5.204504000000000000e+07 7.726749999999999829e+01 -1.549166666666666581e+00 1.875000000000000000e+03 4.000000000000000000e+00
     63 2.000000000000000000e+00 5.205001000000000000e+07 7.743944444444444741e+01 -1.454444444444444429e+00 1.620000000000000000e+03 4.000000000000000000e+00
     63 2.000000000000000000e+00 5.205002000000000000e+07 7.759138888888888630e+01 -1.341388888888888742e+00 1.578000000000000000e+03 1.000000000000000000e+00
     63 2.000000000000000000e+00 5.205004000000000000e+07 7.747916666666667140e+01 -1.322222222222222188e+00 2.000000000000000000e+03 4.000000000000000000e+00
     63 2.000000000000000000e+00 5.205008000000000000e+07 7.739194444444444798e+01 -1.094166666666666510e+00 2.420000000000000000e+03 4.000000000000000000e+00
     63 2.000000000000000000e+00 5.205009000000000000e+07 7.749944444444444969e+01 -1.054999999999999938e+00 2.550000000000000000e+03 4.000000000000000000e+00
     63 2.000000000000000000e+00 5.205013000000000000e+07 7.784833333333332916e+01 -8.116666666666667584e-01 3.100000000000000000e+03 5.000000000000000000e+00
     84 2.000000000000000000e+00 5.205507000000000000e+07 7.746666666666666856e+01 -1.266666666666666607e+00 1.700000000000000000e+03 4.000000000000000000e+00
     63 2.000000000000000000e+00 5.311010000000000000e+07 7.656638888888888062e+01 -3.647777777777777786e+00 1.580000000000000000e+03 1.000000000000000000e+00
     63 2.000000000000000000e+00 5.403009000000000000e+07 7.631666666666666288e+01 -4.349999999999999645e+00 1.750000000000000000e+03 1.000000000000000000e+00
     63 2.000000000000000000e+00 5.403010000000000000e+07 7.623333333333333428e+01 -4.666666666666666963e+00 1.524000000000000000e+03 1.000000000000000000e+00
