     15 -1.061908268897336916e+00 -1.494706637664720894e+00 1.077347781608883004e+00 2.000000000000000000e+00
     15 -8.532426302022293463e-01 -1.948941049815136273e+00 -4.550709112596624251e-01 0.000000000000000000e+00
     15 -7.966847836364011615e-01 -2.114424880751502034e+00 -1.275578557834946558e+00 0.000000000000000000e+00
     15 -7.138748308147502275e-01 -1.956066295495926033e+00 -1.758230114643937414e+00 3.000000000000000000e+00
     15 -7.032581701965868737e-01 -1.935759345305672507e+00 -1.516904336239441875e+00 3.000000000000000000e+00
     15 -7.040302909688191946e-01 -1.964794721454895532e+00 -1.878893003846185072e+00 3.000000000000000000e+00
     15 -5.719976389175231990e-01 -2.189596222683845461e+00 -2.132285071170905155e+00 3.000000000000000000e+00
     15 -7.177354346758925141e-01 -2.194227632376358983e+00 -1.878893003846185072e+00 3.000000000000000000e+00
     15 6.869452802031834615e-01 1.554720382571727733e+00 -1.637567225441689756e+00 3.000000000000000000e+00
     15 6.672562005113215067e-01 1.520341072161911722e+00 -2.180550226851804219e+00 3.000000000000000000e+00
     15 2.460215621456794417e-03 3.010334050365838787e-01 4.571405311093300616e-01 1.000000000000000000e+00
     15 2.460215621456794417e-03 7.658816609167291845e-02 7.153591140021400285e-01 1.000000000000000000e+00
     15 4.878746195524279877e-02 1.193396401764182102e-01 4.378344688369704141e-01 1.000000000000000000e+00
     15 -1.481033349633575913e-01 1.300275086976044048e-01 3.630234775315768769e-01 1.000000000000000000e+00
     15 1.404202720490329431e-02 7.658816609167291845e-02 3.654367353156218190e-01 1.000000000000000000e+00
     15 -1.596851465468041020e-01 2.262183253882806278e-01 1.487601604896525265e+00 2.000000000000000000e+00
     15 -4.637642322207709972e-02 1.180927221822796330e-01 3.051052907144979898e-01 1.000000000000000000e+00
     15 -2.121893590584295330e-01 -1.270157292369245294e-01 1.258342115412254714e+00 2.000000000000000000e+00
     15 -6.452126136947430868e-02 7.658816609167291845e-02 3.533704463953970532e-01 1.000000000000000000e+00
     15 -1.224303192867166878e-01 1.827543267354561352e-01 2.206412682729246011e-01 1.000000000000000000e+00
     15 -9.121595961989706347e-03 1.086517716552320295e-01 2.930390017942732239e-01 1.000000000000000000e+00
     15 -7.861246546266871527e-02 1.086517716552320295e-01 2.930390017942732239e-01 1.000000000000000000e+00
     11 -2.523396392143760769e-01 -4.097838764137510387e-02 4.137018909965208824e-01 1.000000000000000000e+00
     15 -3.228521912888270701e-02 2.475940624306529891e-01 5.102322023583190092e-01 1.000000000000000000e+00
     15 -1.394735078842492502e-02 1.214772138806552298e-01 3.171715796347227556e-01 1.000000000000000000e+00
     15 -3.123720292552452094e-01 -7.909845203360565957e-02 3.533704463953970532e-01 1.000000000000000000e+00
     15 2.562383878834979464e-02 2.475940624306529891e-01 4.305946954848355324e-01 1.000000000000000000e+00
     15 -3.228521912888270701e-02 3.010334050365838787e-01 1.113546648369557523e+00 2.000000000000000000e+00
     15 -1.249397117964645837e-01 1.773086443369627577e-03 6.067625137201171359e-01 1.000000000000000000e+00
    165 -2.639214507978324686e-01 -8.372986172611984745e-02 3.654367353156218190e-01 1.000000000000000000e+00
     33 -2.070340754543620668e-02 8.727603461285966813e-02 3.895693131560713507e-01 1.000000000000000000e+00
     15 -1.336260704840519231e-01 6.429711729230910833e-02 2.930390017942732239e-01 1.000000000000000000e+00
     15 -1.704948373580181809e-01 -1.967667539045565329e-03 4.137018909965208824e-01 1.000000000000000000e+00
     15 -1.963608832277196625e-01 1.059798045249356335e-01 5.343647801987685408e-01 1.000000000000000000e+00
     15 -9.617821303090397234e-02 4.612774080629197804e-02 3.533704463953970532e-01 1.000000000000000000e+00
     15 4.776577938144119413e-03 1.726008516403293447e-01 3.533704463953970532e-01 1.000000000000000000e+00
     15 -6.201186885972641977e-02 1.603098028409649656e-01 3.171715796347227556e-01 1.000000000000000000e+00
     15 1.182783314559316817e-01 7.658816609167291845e-02 5.898697092318024859e-01 1.000000000000000000e+00
     15 8.353289670558229629e-02 3.330970106001424624e-01 6.550276694010161993e-01 1.000000000000000000e+00
     11 7.531546364218920653e-01 2.474159312886331785e-01 5.826299358796676042e-01 1.000000000000000000e+00
     15 8.788172921022880946e-01 3.886739269103109407e-01 -8.653247345473045193e-01 0.000000000000000000e+00
     11 6.973689106282863204e-01 1.727789827823491275e-01 1.982319450625740664e+00 2.000000000000000000e+00
     15 6.201568334053129128e-01 1.604879339829847762e-01 7.756905586032638578e-01 0.000000000000000000e+00
     11 6.162962295441608562e-01 6.590029757048729286e-02 -6.894966581246983472e-02 0.000000000000000000e+00
     11 1.056405069715147693e+00 1.027808464477246941e+00 -7.446618453450568609e-01 0.000000000000000000e+00
     15 8.707100239938824204e-01 5.525545775684996830e-01 6.550276694010161993e-01 1.000000000000000000e+00
     15 -2.291760160474830832e-01 -3.936780488405203227e-01 8.963534478055116272e-01 2.000000000000000000e+00
     15 -9.507228776962465266e-01 -1.489540834546147385e+00 1.909921717104392069e+00 2.000000000000000000e+00
     15 -3.729835098752861677e-01 -2.032558580213856270e-01 5.343647801987685408e-01 1.000000000000000000e+00
     15 -3.307098975957030174e-01 -1.697672033216692800e-01 4.619670466774199458e-01 1.000000000000000000e+00
     15 -3.861095630031974868e-01 -2.563389383432780888e-01 6.308950915605666676e-01 1.000000000000000000e+00
     15 -4.276110545105482608e-01 -3.543110664541511690e-01 -3.344080220574147111e-01 0.000000000000000000e+00
     15 -3.681577550488509543e-01 -2.012964154591684318e-01 3.775030242358465848e-01 1.000000000000000000e+00
     15 -4.376486245495398442e-01 -4.043659173617070723e-01 -8.170595788664054560e-01 0.000000000000000000e+00
     15 -4.882225351305892191e-01 -3.945687045506193202e-01 -7.446618453450568609e-01 0.000000000000000000e+00
     15 -2.755032623812789794e-01 -2.547357580650999043e-01 1.692728516540346284e+00 2.000000000000000000e+00
     15 -4.492304361329863549e-01 -4.684931284888241843e-01 -1.413473993338184576e-01 0.000000000000000000e+00
     15 -2.376693445420098583e-01 -2.340725455908061747e-01 1.306607271093153777e+00 2.000000000000000000e+00
     15 -5.532737101909442901e-01 -4.193289332913672784e-01 1.342806137853828075e+00 2.000000000000000000e+00
     15 -5.982497451733359561e-01 -4.157663104509718432e-01 1.849590272503268240e+00 2.000000000000000000e+00
     15 -3.092835461663353547e-01 -3.053250023987146289e-01 4.137018909965208824e-01 1.000000000000000000e+00
     15 -3.432568601444424550e-01 -1.678077607594515019e-01 3.219980952028126397e-01 1.000000000000000000e+00
     15 -3.162326331163973769e-01 -2.187532673771057923e-01 3.051052907144979898e-01 1.000000000000000000e+00
     15 -2.743450812229353275e-01 -2.036121203054252482e-01 4.378344688369704141e-01 1.000000000000000000e+00
     15 -2.755032623812789794e-01 -3.295508377134032107e-01 3.461306730432621714e-01 1.000000000000000000e+00
     15 -2.755032623812789794e-01 -1.692328098956098759e-01 6.550276694010161993e-01 1.000000000000000000e+00
    165 -4.882225351305892191e-01 -4.294824083864945963e-01 -5.154023558607861988e-01 0.000000000000000000e+00
     15 -8.271835541394771951e-01 -1.036018946963812359e+00 -1.936811190663263904e+00 3.000000000000000000e+00
     15 -8.130923500462828857e-01 -3.446919847850837826e-01 6.019359981520272518e-01 1.000000000000000000e+00
     15 -6.922554491923121889e-01 -3.341822474059173986e-01 7.032928250819152627e-01 1.000000000000000000e+00
     15 -1.016739203721894524e+00 -5.908692230564067671e-01 1.385905036153961822e-01 1.000000000000000000e+00
     15 -9.706049875811690875e-01 -4.734808004653779379e-01 1.306607271093153777e+00 2.000000000000000000e+00
     15 -1.076578563569703162e+00 -1.186361630828498770e+00 2.758064554932830592e-02 1.000000000000000000e+00
     15 -8.829692799330730590e-01 -4.040096550776668960e-01 9.997837907067691487e-02 1.000000000000000000e+00
     15 -1.252236039251986455e+00 -9.109708852659339495e-01 7.732773008192189712e-01 0.000000000000000000e+00
     15 -1.157265184267717295e+00 -9.669040638601414939e-01 -1.381761900332924675e+00 3.000000000000000000e+00
     15 -6.411024480320909325e-01 -4.122036876105770187e-01 9.446186034864106906e-01 2.000000000000000000e+00
     15 -9.136610806292098097e-01 -1.252804546801873142e+00 -9.135898902282035827e-01 0.000000000000000000e+00
     15 -7.030651400035361487e-01 -4.907595212412955155e-01 1.041148914848208706e+00 2.000000000000000000e+00
     15 -8.628941398550997732e-01 -4.857718492647417619e-01 1.723761125920255100e-01 1.000000000000000000e+00
     15 -6.414885084182120334e-01 -3.975969339649552681e-01 5.222984912785437750e-01 1.000000000000000000e+00
     15 -6.704430373768234253e-01 -3.671365086795743693e-01 1.137679226210007055e+00 2.000000000000000000e+00
     15 -8.163738633282631163e-01 -4.572708665415785578e-01 1.137679226210007055e+00 2.000000000000000000e+00
     15 -7.040302909688191946e-01 -4.480080471565507927e-01 3.654367353156218190e-01 1.000000000000000000e+00
     15 -8.812320081955575812e-01 -4.355388672151666030e-01 1.385905036153961822e-01 1.000000000000000000e+00
     15 -7.271939141357122161e-01 -3.723023117981479335e-01 5.946962247998923701e-01 1.000000000000000000e+00
     15 -1.119624296621508863e+00 -6.899101380193986000e-01 -2.427042262637064962e-01 0.000000000000000000e+00
     15 -1.150895187896827210e+00 -7.397868577849346927e-01 1.287301208820794018e+00 2.000000000000000000e+00
     15 -8.314302183867405827e-01 -5.539960766583136298e-01 3.895693131560713507e-01 1.000000000000000000e+00
     15 -9.665513535269564249e-01 -6.717407615333820248e-01 9.759909546789951040e-01 2.000000000000000000e+00
     15 -1.025425562409481905e+00 -7.396087266429148821e-01 1.958186872785291133e+00 2.000000000000000000e+00
     15 -1.113640360636729998e+00 -6.427053853841594444e-01 1.504494409384839804e+00 2.000000000000000000e+00
     15 -1.051870698858345277e+00 -9.802638995116240705e-01 -6.894966581246983472e-02 0.000000000000000000e+00
     15 -9.240847110543126686e-01 -4.150537858828926563e-01 1.921988006024616835e+00 2.000000000000000000e+00
     15 -7.785399454890039594e-01 -4.086410647701816390e-01 9.832307280311298747e-01 2.000000000000000000e+00
     15 -7.156121025522657053e-01 -3.936780488405203227e-01 6.308950915605666676e-01 1.000000000000000000e+00
     15 -9.078701748374914393e-01 -5.048318814608573346e-01 1.723761125920255100e-01 1.000000000000000000e+00
     15 -7.526738996192925413e-01 -3.511047058977953550e-01 1.861656561423493006e+00 2.000000000000000000e+00
     15 -9.302616772321520289e-01 -4.936096195136117082e-01 1.723761125920255100e-01 1.000000000000000000e+00
     15 -8.777574647205266256e-01 -5.326203396159412407e-01 1.723761125920255100e-01 1.000000000000000000e+00
    165 -6.192900362166021688e-01 -3.637520169811987447e-01 6.308950915605666676e-01 1.000000000000000000e+00
     15 -8.893392763039731364e-01 -4.471173914464517951e-01 1.723761125920255100e-01 1.000000000000000000e+00
    165 -9.422295492017098706e-01 -5.082163731592328482e-01 2.447738461133741328e-01 1.000000000000000000e+00
     11 -7.271939141357122161e-01 -3.081751006710308216e-01 1.982319450625740664e+00 2.000000000000000000e+00
     15 -7.358802728232995971e-01 -3.915404751362833169e-01 6.550276694010161993e-01 1.000000000000000000e+00
    165 -8.885671555317407044e-01 -4.430203751799969836e-01 1.723761125920255100e-01 1.000000000000000000e+00
     15 1.503462996836216092e+00 1.694731460199267126e+00 -6.894966581246983472e-02 0.000000000000000000e+00
     15 1.460996354363562455e+00 1.514462744475259637e+00 2.689064239538236367e-01 1.000000000000000000e+00
     15 1.499602392975063925e+00 1.602281397491006176e+00 9.997837907067691487e-02 1.000000000000000000e+00
     15 1.322786736134436758e+00 1.252253703422157693e+00 -2.161583906392119947e-01 0.000000000000000000e+00
     15 1.380695794051669312e+00 1.295005177506902472e+00 -1.726857763451352890e+00 3.000000000000000000e+00
     15 1.400770934129642598e+00 1.304267996891930403e+00 -1.475878953910677804e+00 3.000000000000000000e+00
     15 1.264877678217194434e+00 9.957448589136881356e-01 -4.481708797202030303e-02 0.000000000000000000e+00
     15 1.347494600845784873e+00 1.072341249982189604e+00 -1.936811190663263904e+00 3.000000000000000000e+00
     15 1.636460799852785364e+00 9.927166294993521323e-01 -1.876479746062140075e+00 3.000000000000000000e+00
     15 1.333596426945651059e+00 7.778904722235090441e-01 -1.396241447037194217e+00 3.000000000000000000e+00
     15 1.218550431883408391e+00 8.674904366594535787e-01 1.077347781608883004e+00 2.000000000000000000e+00
     15 1.288041301384087456e+00 8.674904366594535787e-01 -2.108152493330455624e+00 3.000000000000000000e+00
     11 1.299623112967533967e+00 8.140510940535223838e-01 3.550937010254960668e+00 2.000000000000000000e+00
     15 1.125895939215826536e+00 5.789179865874257702e-01 -3.344080220574147111e-01 0.000000000000000000e+00
     15 1.195386808716515370e+00 6.644209347569153268e-01 -1.896125550147175209e-01 0.000000000000000000e+00
     15 1.288234331577148062e+00 7.100225071139765198e-01 -6.481315339832587341e-01 0.000000000000000000e+00
     15 1.083429296743192660e+00 5.956623139372839715e-01 6.815735050255107286e-01 1.000000000000000000e+00
     15 1.264298587638022608e+00 7.037879171432847025e-01 1.820291437282053337e-01 1.000000000000000000e+00
     15 1.299623112967533967e+00 1.941547198247214889e-01 -1.637567225441689756e+00 3.000000000000000000e+00
     15 1.299623112967533967e+00 2.262183253882806278e-01 -2.207096062476298748e+00 3.000000000000000000e+00
     15 1.322786736134436758e+00 2.689697994730253505e-01 -1.895785808334499611e+00 3.000000000000000000e+00
     15 1.187858631187271863e+00 -9.729605226888135006e-01 -7.253557830726972133e-01 0.000000000000000000e+00
     15 1.180523483851088740e+00 -7.901979709765295512e-01 -1.536210398511801634e+00 3.000000000000000000e+00
     15 1.188823782152564679e+00 -1.091417732131961138e+00 -1.099410739599665066e+00 0.000000000000000000e+00
     15 1.022238725543979987e+00 -9.239744586333770160e-01 -1.999555893048432731e+00 3.000000000000000000e+00
     15 9.456057389001685243e-01 -9.065176067154395723e-01 4.137018909965208824e-01 1.000000000000000000e+00
     15 -4.492304361329863549e-01 -3.578662868154014465e+00 -1.034252779430451241e+00 0.000000000000000000e+00
     11 -2.060123928805900895e-01 4.185999587696325186e-01 -4.309383334192128934e-01 0.000000000000000000e+00
     15 -1.065768872758488861e+00 -1.418644640022279191e+00 5.343647801987685408e-01 1.000000000000000000e+00
     15 2.147990811455037008e+00 2.081988562950247701e+00 -1.758230114643937414e+00 3.000000000000000000e+00
     15 1.642830796223685441e+00 1.804460243683445819e+00 3.448067708878770326e-03 0.000000000000000000e+00
     15 1.761737395147080054e+00 1.911695191179347608e+00 -3.778466621702238903e-01 0.000000000000000000e+00
     15 1.913459126890238116e+00 2.139346790680614063e+00 -1.589302069760790692e+00 3.000000000000000000e+00
     15 1.934499417933504217e+00 2.124027512466914125e+00 -1.936811190663263904e+00 3.000000000000000000e+00
     15 2.110349923808838568e+00 2.203474001807731231e+00 -1.806495270324836477e+00 3.000000000000000000e+00
     15 2.110349923808838568e+00 2.321040555540779593e+00 -1.034252779430451241e+00 0.000000000000000000e+00
     15 2.017502400948205654e+00 2.296992851368110600e+00 -9.859876237495521778e-01 0.000000000000000000e+00
     15 2.034296027744208590e+00 2.371986062158434105e+00 3.557837041794419952e-01 1.000000000000000000e+00
     33 2.099347202804563661e+00 2.204008395233790996e+00 -1.335910002436070387e+00 0.000000000000000000e+00
     15 2.218832892307130322e+00 2.264751114662532316e+00 -1.951290737367533668e+00 3.000000000000000000e+00
     15 2.324420407909552733e+00 2.337250489464578695e+00 -2.052647564297421567e+00 3.000000000000000000e+00
     15 2.246436209914347337e+00 2.349541538263943075e+00 -1.034252779430451241e+00 0.000000000000000000e+00
     15 2.185824729294306046e+00 2.495787205862174840e+00 -2.068451013157076440e-02 0.000000000000000000e+00
     15 2.260527414007541314e+00 2.520903696886962475e+00 2.930390017942732239e-01 1.000000000000000000e+00
     15 2.502973336487695377e+00 2.676946577296281049e+00 1.620330783018997689e+00 2.000000000000000000e+00
     33 2.237749851226759734e+00 2.385167766667897205e+00 -1.758230114643937414e+00 3.000000000000000000e+00
     15 1.612138995527548690e+00 8.582276172744255360e-01 -2.047821048729331572e+00 3.000000000000000000e+00
     15 1.438604851968901865e+00 4.079120902484463240e-01 -1.637567225441689756e+00 3.000000000000000000e+00
     15 1.380695794051669312e+00 2.048425883459076835e-01 -2.182963484635849216e+00 3.000000000000000000e+00
