     48 1.000000000000000000e+00 1.107501000000000000e+07 7.615805555555556339e+01 -6.356388888888888644e+00 1.850000000000000000e+03 0.000000000000000000e+00
     48 1.000000000000000000e+00 1.107502000000000000e+07 7.613972222222223252e+01 -6.324722222222222356e+00 1.850000000000000000e+03 0.000000000000000000e+00
     24 1.000000000000000000e+00 1.501506000000000000e+07 7.403361111111111370e+01 -1.108000000000000007e+01 2.200000000000000000e+03 0.000000000000000000e+00
     84 2.000000000000000000e+00 1.601502000000000000e+07 7.264500000000001023e+01 -7.373055555555555252e+00 2.340000000000000000e+03 4.000000000000000000e+00
     36 1.000000000000000000e+00 1.601503000000000000e+07 7.253388888888888175e+01 -7.569722222222221575e+00 1.760000000000000000e+03 4.000000000000000000e+00
     24 1.000000000000000000e+00 1.601509000000000000e+07 7.244194444444444514e+01 -7.424444444444445068e+00 2.500000000000000000e+03 4.000000000000000000e+00
     24 1.000000000000000000e+00 2.101503000000000000e+07 7.629472222222221944e+01 -1.888333333333333197e+00 1.800000000000000000e+03 0.000000000000000000e+00
     24 1.000000000000000000e+00 2.105503000000000000e+07 7.616388888888889142e+01 -2.241388888888888875e+00 2.085000000000000000e+03 0.000000000000000000e+00
     36 1.000000000000000000e+00 2.108504000000000000e+07 7.566555555555555657e+01 -2.662777777777777910e+00 1.650000000000000000e+03 0.000000000000000000e+00
     36 1.000000000000000000e+00 2.111514000000000000e+07 7.492111111111111654e+01 -3.093888888888888911e+00 2.100000000000000000e+03 4.000000000000000000e+00
     63 2.000000000000000000e+00 2.113505000000000000e+07 7.553000000000000114e+01 -3.098611111111111427e+00 1.691000000000000000e+03 0.000000000000000000e+00
     24 1.000000000000000000e+00 2.119507000000000000e+07 7.431166666666666742e+01 -4.309999999999999609e+00 2.256000000000000000e+03 4.000000000000000000e+00
     36 1.000000000000000000e+00 2.119511000000000000e+07 7.444361111111111029e+01 -3.964722222222222481e+00 2.050000000000000000e+03 4.000000000000000000e+00
     63 2.000000000000000000e+00 2.120516000000000000e+07 7.418333333333333712e+01 -4.716666666666666785e+00 2.545000000000000000e+03 1.000000000000000000e+00
    112 3.000000000000000000e+00 2.120540000000000000e+07 7.386666666666666003e+01 -5.116666666666666252e+00 2.580000000000000000e+03 1.000000000000000000e+00
     48 1.000000000000000000e+00 2.120542000000000000e+07 7.420888888888889312e+01 -4.691388888888889497e+00 2.543000000000000000e+03 1.000000000000000000e+00
     84 2.000000000000000000e+00 2.120552000000000000e+07 7.415000000000000568e+01 -4.700000000000000178e+00 2.546000000000000000e+03 1.000000000000000000e+00
     24 1.000000000000000000e+00 2.120558000000000000e+07 7.406138888888888516e+01 -4.598333333333332718e+00 2.725000000000000000e+03 1.000000000000000000e+00
     84 2.000000000000000000e+00 2.120565000000000000e+07 7.393333333333333712e+01 -4.766666666666666607e+00 2.620000000000000000e+03 1.000000000000000000e+00
     24 1.000000000000000000e+00 2.120567000000000000e+07 7.443750000000000000e+01 -4.770833333333333037e+00 1.915000000000000000e+03 4.000000000000000000e+00
     36 1.000000000000000000e+00 2.120570000000000000e+07 7.386805555555554292e+01 -4.879722222222222960e+00 2.750000000000000000e+03 1.000000000000000000e+00
     36 1.000000000000000000e+00 2.120571000000000000e+07 7.410249999999999204e+01 -4.669166666666667354e+00 2.552000000000000000e+03 1.000000000000000000e+00
     48 1.000000000000000000e+00 2.120572000000000000e+07 7.418916666666666515e+01 -4.505555555555555536e+00 2.900000000000000000e+03 4.000000000000000000e+00
     24 1.000000000000000000e+00 2.120574000000000000e+07 7.370138888888888573e+01 -5.117499999999999716e+00 2.709000000000000000e+03 1.000000000000000000e+00
     84 2.000000000000000000e+00 2.120577000000000000e+07 7.427249999999999375e+01 -4.728611111111111320e+00 2.550000000000000000e+03 1.000000000000000000e+00
     48 1.000000000000000000e+00 2.120579000000000000e+07 7.415055555555555600e+01 -4.705555555555555713e+00 2.547000000000000000e+03 1.000000000000000000e+00
     24 1.000000000000000000e+00 2.120598000000000000e+07 7.420083333333333542e+01 -4.792222222222221717e+00 2.560000000000000000e+03 1.000000000000000000e+00
     48 1.000000000000000000e+00 2.120605000000000000e+07 7.404555555555555202e+01 -4.788333333333333108e+00 2.650000000000000000e+03 1.000000000000000000e+00
     36 1.000000000000000000e+00 2.120618000000000000e+07 7.444333333333334224e+01 -4.805277777777777537e+00 1.850000000000000000e+03 4.000000000000000000e+00
     84 2.000000000000000000e+00 2.120622000000000000e+07 7.408888888888888857e+01 -4.638055555555554932e+00 2.556000000000000000e+03 1.000000000000000000e+00
     63 2.000000000000000000e+00 2.120623000000000000e+07 7.415138888888888857e+01 -4.661666666666667069e+00 2.543000000000000000e+03 1.000000000000000000e+00
     36 1.000000000000000000e+00 2.120626000000000000e+07 7.404972222222221490e+01 -4.798611111111110716e+00 2.570000000000000000e+03 1.000000000000000000e+00
     63 2.000000000000000000e+00 2.120628000000000000e+07 7.433305555555554633e+01 -4.653611111111111143e+00 2.650000000000000000e+03 1.000000000000000000e+00
     48 1.000000000000000000e+00 2.121510000000000000e+07 7.542444444444444684e+01 -4.441388888888889497e+00 1.920000000000000000e+03 0.000000000000000000e+00
     63 2.000000000000000000e+00 2.121513000000000000e+07 7.551833333333333087e+01 -4.341111111111111143e+00 2.120000000000000000e+03 0.000000000000000000e+00
     36 1.000000000000000000e+00 2.125511000000000000e+07 7.513166666666666060e+01 -4.701666666666667105e+00 2.091000000000000000e+03 0.000000000000000000e+00
     36 1.000000000000000000e+00 2.201501000000000000e+07 7.578333333333333144e+01 -3.216944444444444606e+00 2.040000000000000000e+03 0.000000000000000000e+00
     36 1.000000000000000000e+00 2.207503000000000000e+07 7.528444444444444628e+01 -4.201388888888889284e+00 2.020000000000000000e+03 0.000000000000000000e+00
     36 1.000000000000000000e+00 2.306506000000000000e+07 7.446166666666667311e+01 -4.841944444444443718e+00 2.200000000000000000e+03 4.000000000000000000e+00
     48 1.000000000000000000e+00 2.306510000000000000e+07 7.430722222222222229e+01 -4.901666666666667282e+00 2.475000000000000000e+03 1.000000000000000000e+00
     36 1.000000000000000000e+00 2.306512000000000000e+07 7.413916666666666799e+01 -5.141388888888889674e+00 2.000000000000000000e+03 4.000000000000000000e+00
     48 1.000000000000000000e+00 2.308504000000000000e+07 7.541472222222222399e+01 -6.131666666666665932e+00 2.090000000000000000e+03 0.000000000000000000e+00
     84 2.000000000000000000e+00 2.308520000000000000e+07 7.542583333333334394e+01 -6.168611111111111711e+00 2.073000000000000000e+03 0.000000000000000000e+00
     48 1.000000000000000000e+00 2.312507000000000000e+07 7.406666666666666288e+01 -5.299999999999999822e+00 2.150000000000000000e+03 4.000000000000000000e+00
     48 1.000000000000000000e+00 2.319509000000000000e+07 7.298749999999999716e+01 -7.365833333333332789e+00 1.725000000000000000e+03 4.000000000000000000e+00
     48 1.000000000000000000e+00 2.319518000000000000e+07 7.305166666666666231e+01 -7.735277777777778141e+00 1.882000000000000000e+03 4.000000000000000000e+00
     84 2.000000000000000000e+00 2.319520000000000000e+07 7.299111111111110972e+01 -7.473888888888889248e+00 1.850000000000000000e+03 4.000000000000000000e+00
     84 2.000000000000000000e+00 2.401502000000000000e+07 7.359999999999999432e+01 -5.883333333333332860e+00 1.700000000000000000e+03 4.000000000000000000e+00
     63 2.000000000000000000e+00 2.401509000000000000e+07 7.360222222222220978e+01 -5.710555555555555607e+00 2.300000000000000000e+03 4.000000000000000000e+00
     48 1.000000000000000000e+00 2.401512000000000000e+07 7.373472222222221717e+01 -5.467222222222222427e+00 2.580000000000000000e+03 1.000000000000000000e+00
     84 2.000000000000000000e+00 2.401522000000000000e+07 7.349555555555555486e+01 -5.511666666666666714e+00 2.600000000000000000e+03 1.000000000000000000e+00
     48 1.000000000000000000e+00 2.401527000000000000e+07 7.367277777777778169e+01 -5.997222222222222676e+00 2.170000000000000000e+03 4.000000000000000000e+00
    112 3.000000000000000000e+00 2.401530000000000000e+07 7.354388888888888687e+01 -5.655833333333333712e+00 2.215000000000000000e+03 4.000000000000000000e+00
     63 2.000000000000000000e+00 2.403501000000000000e+07 7.254527777777776976e+01 -6.245277777777777928e+00 2.950000000000000000e+03 5.000000000000000000e+00
     63 2.000000000000000000e+00 2.403502000000000000e+07 7.281055555555555259e+01 -5.907222222222222818e+00 2.575000000000000000e+03 1.000000000000000000e+00
     84 2.000000000000000000e+00 2.403504000000000000e+07 7.320777777777777828e+01 -5.579444444444444429e+00 2.700000000000000000e+03 1.000000000000000000e+00
     36 1.000000000000000000e+00 2.403507000000000000e+07 7.240916666666667822e+01 -6.463333333333333819e+00 2.963000000000000000e+03 5.000000000000000000e+00
     84 2.000000000000000000e+00 2.403512000000000000e+07 7.307444444444443832e+01 -5.802222222222222392e+00 2.485000000000000000e+03 1.000000000000000000e+00
    112 3.000000000000000000e+00 2.403513000000000000e+07 7.335527777777777203e+01 -5.553333333333332789e+00 2.690000000000000000e+03 1.000000000000000000e+00
    112 3.000000000000000000e+00 2.403515000000000000e+07 7.289055555555556509e+01 -5.778611111111111143e+00 2.530000000000000000e+03 1.000000000000000000e+00
     84 2.000000000000000000e+00 2.403517000000000000e+07 7.311611111111110972e+01 -5.745833333333333570e+00 2.470000000000000000e+03 1.000000000000000000e+00
     48 1.000000000000000000e+00 2.403524000000000000e+07 7.237166666666665549e+01 -6.407222222222222818e+00 3.716000000000000000e+03 5.000000000000000000e+00
     42 2.000000000000000000e+00 2.403525000000000000e+07 7.246611111111111825e+01 -6.188333333333333464e+00 2.888000000000000000e+03 5.000000000000000000e+00
     84 2.000000000000000000e+00 2.403527000000000000e+07 7.270749999999999602e+01 -6.840833333333333321e+00 2.698000000000000000e+03 4.000000000000000000e+00
     84 2.000000000000000000e+00 2.403531000000000000e+07 7.250472222222222740e+01 -6.549444444444444180e+00 2.350000000000000000e+03 5.000000000000000000e+00
     63 2.000000000000000000e+00 2.403532000000000000e+07 7.270472222222223024e+01 -6.133055555555555038e+00 2.594000000000000000e+03 1.000000000000000000e+00
     84 2.000000000000000000e+00 2.403533000000000000e+07 7.257861111111110120e+01 -6.326111111111110574e+00 2.150000000000000000e+03 5.000000000000000000e+00
    112 3.000000000000000000e+00 2.403534000000000000e+07 7.296777777777778340e+01 -5.676944444444444571e+00 2.500000000000000000e+03 1.000000000000000000e+00
     48 1.000000000000000000e+00 2.405503000000000000e+07 7.328249999999999886e+01 -6.792777777777777359e+00 1.810000000000000000e+03 4.000000000000000000e+00
     24 1.000000000000000000e+00 2.601502000000000000e+07 7.545000000000000284e+01 -2.166666666666666519e+00 2.900000000000000000e+03 4.000000000000000000e+00
     24 1.000000000000000000e+00 2.602507000000000000e+07 7.628888888888889142e+01 -2.509722222222222410e+00 3.000000000000000000e+03 2.000000000000000000e+00
     48 1.000000000000000000e+00 2.603503000000000000e+07 7.660861111111110233e+01 -2.452777777777777946e+00 1.749000000000000000e+03 3.000000000000000000e+00
     24 1.000000000000000000e+00 2.609508000000000000e+07 7.607472222222222058e+01 -3.729722222222222161e+00 2.609000000000000000e+03 2.000000000000000000e+00
     36 1.000000000000000000e+00 2.610514000000000000e+07 7.588805555555556737e+01 -4.033333333333333215e+00 2.902000000000000000e+03 2.000000000000000000e+00
     24 1.000000000000000000e+00 2.615515000000000000e+07 7.534999999999999432e+01 -4.901388888888889461e+00 4.150000000000000000e+03 5.000000000000000000e+00
     36 1.000000000000000000e+00 2.618501000000000000e+07 7.534472222222221660e+01 -5.578611111111110965e+00 2.180000000000000000e+03 0.000000000000000000e+00
     48 1.000000000000000000e+00 2.619501000000000000e+07 7.584999999999999432e+01 -5.533333333333333215e+00 1.570000000000000000e+03 0.000000000000000000e+00
     48 1.000000000000000000e+00 2.620502000000000000e+07 7.571666666666666856e+01 -5.933333333333333570e+00 1.600000000000000000e+03 0.000000000000000000e+00
     24 1.000000000000000000e+00 2.622504000000000000e+07 7.591277777777777658e+01 -6.729444444444444784e+00 1.650000000000000000e+03 0.000000000000000000e+00
     48 1.000000000000000000e+00 2.701511000000000000e+07 7.582694444444443604e+01 -6.533888888888888857e+00 2.600000000000000000e+03 0.000000000000000000e+00
     36 1.000000000000000000e+00 3.502505000000000000e+07 7.403027777777778340e+01 -4.482777777777777750e+00 2.980000000000000000e+03 4.000000000000000000e+00
     24 1.000000000000000000e+00 3.502506000000000000e+07 7.398138888888888687e+01 -4.575277777777777111e+00 3.195000000000000000e+03 4.000000000000000000e+00
     24 1.000000000000000000e+00 3.502507000000000000e+07 7.419083333333333030e+01 -4.196666666666667211e+00 3.150000000000000000e+03 4.000000000000000000e+00
     42 2.000000000000000000e+00 3.506501000000000000e+07 7.364638888888889312e+01 -4.830277777777777892e+00 1.752000000000000000e+03 5.000000000000000000e+00
     42 2.000000000000000000e+00 3.507501000000000000e+07 7.345638888888889539e+01 -5.353611111111110432e+00 2.438000000000000000e+03 1.000000000000000000e+00
     42 2.000000000000000000e+00 3.507502000000000000e+07 7.344916666666667027e+01 -5.022222222222222143e+00 1.930000000000000000e+03 5.000000000000000000e+00
     63 2.000000000000000000e+00 3.507503000000000000e+07 7.334916666666666174e+01 -5.422222222222222499e+00 2.200000000000000000e+03 5.000000000000000000e+00
     48 1.000000000000000000e+00 3.509503000000000000e+07 7.294388888888889255e+01 -5.571944444444444144e+00 3.000000000000000000e+03 5.000000000000000000e+00
     36 1.000000000000000000e+00 3.523501000000000000e+07 7.252916666666666856e+01 -6.011666666666666714e+00 3.590000000000000000e+03 5.000000000000000000e+00
     48 1.000000000000000000e+00 3.701501000000000000e+07 7.275333333333333030e+01 -7.207500000000000462e+00 2.765000000000000000e+03 4.000000000000000000e+00
     48 1.000000000000000000e+00 3.701502000000000000e+07 7.286861111111110745e+01 -7.186944444444444358e+00 3.214000000000000000e+03 5.000000000000000000e+00
     24 1.000000000000000000e+00 4.401503000000000000e+07 7.666861111111111882e+01 -1.900277777777777732e+00 2.900000000000000000e+03 2.000000000000000000e+00
     24 1.000000000000000000e+00 4.701504000000000000e+07 7.688361111111112223e+01 -1.178888888888888875e+00 2.100000000000000000e+03 0.000000000000000000e+00
     24 1.000000000000000000e+00 4.701510000000000000e+07 7.716138888888889369e+01 -1.159722222222222099e+00 2.830000000000000000e+03 2.000000000000000000e+00
     36 1.000000000000000000e+00 5.201501000000000000e+07 7.661194444444443263e+01 -2.250000000000000000e+00 2.450000000000000000e+03 3.000000000000000000e+00
     84 2.000000000000000000e+00 5.202501000000000000e+07 7.700388888888889483e+01 -1.829722222222222250e+00 1.510000000000000000e+03 3.000000000000000000e+00
     84 2.000000000000000000e+00 5.202502000000000000e+07 7.689166666666667993e+01 -1.753333333333333410e+00 2.300000000000000000e+03 3.000000000000000000e+00
     48 1.000000000000000000e+00 5.202505000000000000e+07 7.675027777777778226e+01 -2.193611111111110734e+00 1.870000000000000000e+03 3.000000000000000000e+00
     42 2.000000000000000000e+00 5.204501000000000000e+07 7.730305555555555941e+01 -1.198055555555555651e+00 2.710000000000000000e+03 2.000000000000000000e+00
     84 2.000000000000000000e+00 5.204502000000000000e+07 7.729083333333332462e+01 -1.393888888888888955e+00 1.816000000000000000e+03 3.000000000000000000e+00
     48 1.000000000000000000e+00 5.204503000000000000e+07 7.703249999999999886e+01 -1.538611111111110930e+00 2.190000000000000000e+03 3.000000000000000000e+00
     84 3.000000000000000000e+00 5.204504000000000000e+07 7.726749999999999829e+01 -1.549166666666666581e+00 1.875000000000000000e+03 3.000000000000000000e+00
     48 1.000000000000000000e+00 5.205501000000000000e+07 7.767750000000000909e+01 -8.569444444444443976e-01 2.961000000000000000e+03 2.000000000000000000e+00
     24 1.000000000000000000e+00 5.205502000000000000e+07 7.763666666666667027e+01 -1.070555555555555483e+00 3.120000000000000000e+03 2.000000000000000000e+00
     42 2.000000000000000000e+00 5.205504000000000000e+07 7.727861111111110404e+01 -1.159999999999999920e+00 2.820000000000000000e+03 2.000000000000000000e+00
     84 2.000000000000000000e+00 5.205509000000000000e+07 7.738916666666666799e+01 -1.107500000000000151e+00 2.800000000000000000e+03 2.000000000000000000e+00
     36 1.000000000000000000e+00 5.205510000000000000e+07 7.763805555555556737e+01 -1.030277777777777626e+00 3.000000000000000000e+03 2.000000000000000000e+00
     48 1.000000000000000000e+00 5.403502000000000000e+07 7.611666666666666003e+01 -4.733333333333333393e+00 1.600000000000000000e+03 0.000000000000000000e+00
