      1 1.107501000000000000e+07 7.615805555555556339e+01 -6.356388888888888644e+00 1.850000000000000000e+03
      1 1.107502000000000000e+07 7.613972222222223252e+01 -6.324722222222222356e+00 1.850000000000000000e+03
      1 1.501004000000000000e+07 7.404222222222222172e+01 -1.107916666666666572e+01 2.000000000000000000e+03
      1 1.501506000000000000e+07 7.403361111111111370e+01 -1.108000000000000007e+01 2.200000000000000000e+03
      2 1.601502000000000000e+07 7.264500000000001023e+01 -7.373055555555555252e+00 2.340000000000000000e+03
      1 1.601503000000000000e+07 7.253388888888888175e+01 -7.569722222222221575e+00 1.760000000000000000e+03
      1 1.601509000000000000e+07 7.244194444444444514e+01 -7.424444444444445068e+00 2.500000000000000000e+03
      2 1.602011000000000000e+07 7.271833333333333371e+01 -7.316944444444444251e+00 2.875000000000000000e+03
      2 1.603010000000000000e+07 7.301861111111111313e+01 -8.025277777777779065e+00 2.240000000000000000e+03
      1 1.604001000000000000e+07 7.307083333333332575e+01 -8.088888888888890349e+00 1.920000000000000000e+03
      2 1.604002000000000000e+07 7.309999999999999432e+01 -8.283333333333333215e+00 1.900000000000000000e+03
      1 1.604005000000000000e+07 7.321166666666667311e+01 -7.934444444444444855e+00 1.800000000000000000e+03
      2 1.605012000000000000e+07 7.321916666666666629e+01 -8.036388888888888360e+00 1.700000000000000000e+03
      2 1.605013000000000000e+07 7.323444444444444912e+01 -8.004722222222222072e+00 1.800000000000000000e+03
      2 1.605016000000000000e+07 7.323333333333333428e+01 -8.050000000000000711e+00 1.650000000000000000e+03
      2 1.605017000000000000e+07 7.342333333333333201e+01 -8.400555555555555998e+00 1.545000000000000000e+03
      2 1.605508000000000000e+07 7.321361111111112052e+01 -8.407777777777777573e+00 1.650000000000000000e+03
      1 2.101005000000000000e+07 7.621472222222222115e+01 -1.931388888888888822e+00 1.720000000000000000e+03
      1 2.101006000000000000e+07 7.617194444444444912e+01 -2.020833333333333481e+00 1.763000000000000000e+03
      1 2.101013000000000000e+07 7.624361111111110745e+01 -1.810277777777777874e+00 1.660000000000000000e+03
      1 2.101016000000000000e+07 7.639333333333334508e+01 -1.899444444444444491e+00 1.724000000000000000e+03
      1 2.101017000000000000e+07 7.617249999999999943e+01 -1.901388888888888795e+00 1.700000000000000000e+03
      1 2.101019000000000000e+07 7.625000000000000000e+01 -1.849722222222222268e+00 1.700000000000000000e+03
      1 2.101022000000000000e+07 7.620166666666666799e+01 -2.065833333333332966e+00 1.625000000000000000e+03
      1 2.101023000000000000e+07 7.630416666666666003e+01 -1.905555555555555447e+00 1.949000000000000000e+03
      1 2.101025000000000000e+07 7.625333333333333030e+01 -1.977777777777777857e+00 2.000000000000000000e+03
      1 2.101503000000000000e+07 7.629472222222221944e+01 -1.888333333333333197e+00 1.800000000000000000e+03
      1 2.104002000000000000e+07 7.572833333333333883e+01 -2.333888888888889124e+00 2.210000000000000000e+03
      1 2.104003000000000000e+07 7.599527777777777260e+01 -2.031944444444444553e+00 1.614000000000000000e+03
      1 2.105011000000000000e+07 7.606388888888888289e+01 -2.548055555555555518e+00 1.800000000000000000e+03
      1 2.105016000000000000e+07 7.601000000000000512e+01 -2.316944444444444251e+00 1.745000000000000000e+03
      1 2.105017000000000000e+07 7.575888888888889028e+01 -2.652222222222222037e+00 1.950000000000000000e+03
      1 2.105019000000000000e+07 7.611722222222221035e+01 -2.218055555555555891e+00 2.220000000000000000e+03
      1 2.105023000000000000e+07 7.604666666666666686e+01 -2.581666666666666554e+00 1.595000000000000000e+03
      1 2.105024000000000000e+07 7.605416666666666003e+01 -2.460555555555555607e+00 1.600000000000000000e+03
      1 2.105025000000000000e+07 7.609499999999999886e+01 -2.500833333333333464e+00 2.235000000000000000e+03
      1 2.105503000000000000e+07 7.616388888888889142e+01 -2.241388888888888875e+00 2.085000000000000000e+03
      1 2.108008000000000000e+07 7.563194444444444287e+01 -2.793055555555555625e+00 1.800000000000000000e+03
      1 2.108010000000000000e+07 7.561305555555554747e+01 -2.772777777777777786e+00 1.800000000000000000e+03
      1 2.108504000000000000e+07 7.566555555555555657e+01 -2.662777777777777910e+00 1.650000000000000000e+03
      2 2.110007000000000000e+07 7.523499999999999943e+01 -2.561666666666666536e+00 1.750000000000000000e+03
      2 2.110008000000000000e+07 7.520666666666666345e+01 -2.615277777777778034e+00 1.525000000000000000e+03
      1 2.111013000000000000e+07 7.508527777777777601e+01 -2.805277777777777537e+00 1.580000000000000000e+03
      1 2.111514000000000000e+07 7.492111111111111654e+01 -3.093888888888888911e+00 2.100000000000000000e+03
      1 2.113006000000000000e+07 7.555916666666666970e+01 -3.006944444444444642e+00 2.250000000000000000e+03
      2 2.113505000000000000e+07 7.553000000000000114e+01 -3.098611111111111427e+00 1.691000000000000000e+03
      1 2.114013000000000000e+07 7.466666666666667140e+01 -3.645277777777777839e+00 2.000000000000000000e+03
      1 2.119003000000000000e+07 7.445444444444444798e+01 -4.348055555555554896e+00 1.635000000000000000e+03
      1 2.119009000000000000e+07 7.448333333333333428e+01 -3.986944444444444624e+00 1.900000000000000000e+03
      1 2.119027000000000000e+07 7.431111111111110290e+01 -4.030833333333333712e+00 2.900000000000000000e+03
      1 2.119031000000000000e+07 7.432972222222221603e+01 -4.387777777777777999e+00 1.900000000000000000e+03
      1 2.119033000000000000e+07 7.450944444444444059e+01 -3.905833333333333268e+00 1.950000000000000000e+03
      1 2.119035000000000000e+07 7.435972222222221717e+01 -4.152222222222222925e+00 2.700000000000000000e+03
      1 2.119507000000000000e+07 7.431166666666666742e+01 -4.309999999999999609e+00 2.256000000000000000e+03
      1 2.119510000000000000e+07 7.420000000000000284e+01 -4.150000000000000355e+00 3.200000000000000000e+03
      1 2.119511000000000000e+07 7.444361111111111029e+01 -3.964722222222222481e+00 2.050000000000000000e+03
      1 2.120008000000000000e+07 7.403333333333333144e+01 -4.583333333333333037e+00 3.047000000000000000e+03
      1 2.120011000000000000e+07 7.398333333333333428e+01 -4.700000000000000178e+00 2.750000000000000000e+03
      1 2.120013000000000000e+07 7.404999999999999716e+01 -4.549999999999999822e+00 3.000000000000000000e+03
      1 2.120016000000000000e+07 7.373416666666666686e+01 -5.057777777777777928e+00 2.800000000000000000e+03
      1 2.120019000000000000e+07 7.413333333333333997e+01 -4.333333333333333037e+00 3.460000000000000000e+03
      1 2.120020000000000000e+07 7.418333333333333712e+01 -4.383333333333333748e+00 3.150000000000000000e+03
      1 2.120023000000000000e+07 7.406666666666666288e+01 -4.616666666666667140e+00 2.700000000000000000e+03
      1 2.120024000000000000e+07 7.401666666666666572e+01 -4.583333333333333037e+00 3.250000000000000000e+03
      1 2.120026000000000000e+07 7.404999999999999716e+01 -5.066666666666666430e+00 3.062000000000000000e+03
      1 2.120027000000000000e+07 7.370000000000000284e+01 -5.099999999999999645e+00 2.670000000000000000e+03
      1 2.120031000000000000e+07 7.406666666666666288e+01 -4.750000000000000000e+00 2.691000000000000000e+03
      1 2.120032000000000000e+07 7.404999999999999716e+01 -4.616666666666667140e+00 3.125000000000000000e+03
      1 2.120034000000000000e+07 7.415000000000000568e+01 -4.400000000000000355e+00 3.056000000000000000e+03
      1 2.120040000000000000e+07 7.403333333333333144e+01 -4.633333333333332860e+00 3.000000000000000000e+03
      1 2.120043000000000000e+07 7.359999999999999432e+01 -5.200000000000000178e+00 2.700000000000000000e+03
      2 2.120051000000000000e+07 7.425000000000000000e+01 -4.516666666666666607e+00 2.618000000000000000e+03
      1 2.120052000000000000e+07 7.411666666666666003e+01 -4.566666666666666430e+00 2.630000000000000000e+03
      2 2.120055000000000000e+07 7.425000000000000000e+01 -4.866666666666667140e+00 2.725000000000000000e+03
      1 2.120060000000000000e+07 7.429999999999999716e+01 -4.433333333333333570e+00 2.800000000000000000e+03
      1 2.120062000000000000e+07 7.369666666666667254e+01 -5.079166666666666607e+00 2.820000000000000000e+03
      2 2.120069000000000000e+07 7.431666666666666288e+01 -4.799999999999999822e+00 2.610000000000000000e+03
      1 2.120074000000000000e+07 7.400000000000000000e+01 -5.016666666666666607e+00 2.655000000000000000e+03
      2 2.120077000000000000e+07 7.403333333333333144e+01 -4.783333333333333215e+00 2.579000000000000000e+03
      1 2.120078000000000000e+07 7.378027777777778340e+01 -4.929166666666667140e+00 2.780000000000000000e+03
      1 2.120080000000000000e+07 7.390000000000000568e+01 -4.983333333333333393e+00 2.700000000000000000e+03
      1 2.120085000000000000e+07 7.408333333333332860e+01 -4.483333333333333393e+00 2.880000000000000000e+03
      1 2.120088000000000000e+07 7.400000000000000000e+01 -5.183333333333333570e+00 3.140000000000000000e+03
      1 2.120103000000000000e+07 7.393333333333333712e+01 -4.666666666666666963e+00 3.080000000000000000e+03
      1 2.120105000000000000e+07 7.386444444444444457e+01 -4.982777777777777750e+00 2.750000000000000000e+03
      1 2.120106000000000000e+07 7.403333333333333144e+01 -5.043055555555555181e+00 3.160000000000000000e+03
      2 2.120107000000000000e+07 7.426666666666666572e+01 -4.866666666666667140e+00 2.580000000000000000e+03
      2 2.120112000000000000e+07 7.401666666666666572e+01 -4.633333333333332860e+00 3.045000000000000000e+03
      2 2.120114000000000000e+07 7.417972222222222456e+01 -4.801944444444444571e+00 2.555000000000000000e+03
      2 2.120118000000000000e+07 7.394111111111111256e+01 -5.184166666666667034e+00 2.950000000000000000e+03
      1 2.120119000000000000e+07 7.390722222222223081e+01 -5.214444444444444215e+00 3.100000000000000000e+03
      1 2.120120000000000000e+07 7.418388888888888744e+01 -4.342777777777777182e+00 3.320000000000000000e+03
      2 2.120121000000000000e+07 7.415361111111111825e+01 -4.866666666666667140e+00 2.575000000000000000e+03
      1 2.120122000000000000e+07 7.387055555555555486e+01 -4.784166666666666679e+00 3.100000000000000000e+03
      2 2.120123000000000000e+07 7.407027777777777544e+01 -4.701111111111111462e+00 2.520000000000000000e+03
      1 2.120124000000000000e+07 7.412611111111110063e+01 -4.481111111111110823e+00 2.800000000000000000e+03
      1 2.120125000000000000e+07 7.396666666666666856e+01 -4.871388888888889213e+00 2.600000000000000000e+03
      2 2.120127000000000000e+07 7.423333333333333428e+01 -4.816666666666666430e+00 2.550000000000000000e+03
      1 2.120130000000000000e+07 7.413194444444444287e+01 -4.394166666666666998e+00 3.050000000000000000e+03
      1 2.120131000000000000e+07 7.426749999999999829e+01 -4.465277777777777679e+00 2.650000000000000000e+03
      1 2.120132000000000000e+07 7.426861111111111313e+01 -4.509166666666666323e+00 2.640000000000000000e+03
      2 2.120136000000000000e+07 7.413333333333333997e+01 -4.816666666666666430e+00 2.550000000000000000e+03
      1 2.120141000000000000e+07 7.388333333333333997e+01 -5.049999999999999822e+00 2.600000000000000000e+03
      2 2.120154000000000000e+07 7.420000000000000284e+01 -4.599999999999999645e+00 2.640000000000000000e+03
      2 2.120155000000000000e+07 7.422638888888889142e+01 -4.796666666666666856e+00 2.560000000000000000e+03
      1 2.120156000000000000e+07 7.413333333333333997e+01 -4.566666666666666430e+00 2.580000000000000000e+03
      1 2.120158000000000000e+07 7.415472222222223309e+01 -4.446388888888889390e+00 3.000000000000000000e+03
      1 2.120160000000000000e+07 7.407277777777777317e+01 -4.606944444444444287e+00 2.685000000000000000e+03
      1 2.120161000000000000e+07 7.389055555555556509e+01 -4.850277777777777466e+00 2.698000000000000000e+03
      2 2.120162000000000000e+07 7.379694444444444912e+01 -5.109444444444443789e+00 2.575000000000000000e+03
      1 2.120163000000000000e+07 7.406555555555554804e+01 -4.933055555555555749e+00 2.600000000000000000e+03
      1 2.120164000000000000e+07 7.359083333333332178e+01 -5.263611111111111462e+00 2.745000000000000000e+03
      1 2.120165000000000000e+07 7.375722222222222513e+01 -5.115833333333332789e+00 2.750000000000000000e+03
      2 2.120166000000000000e+07 7.428333333333333144e+01 -4.599999999999999645e+00 2.607000000000000000e+03
      2 2.120172000000000000e+07 7.420000000000000284e+01 -4.516666666666666607e+00 2.890000000000000000e+03
      2 2.120176000000000000e+07 7.406666666666666288e+01 -4.983333333333333393e+00 2.680000000000000000e+03
      1 2.120192000000000000e+07 7.429999999999999716e+01 -4.449444444444444535e+00 2.750000000000000000e+03
      1 2.120196000000000000e+07 7.406666666666666288e+01 -4.666666666666666963e+00 2.580000000000000000e+03
      1 2.120197000000000000e+07 7.416666666666667140e+01 -4.566666666666666430e+00 2.665000000000000000e+03
      1 2.120198000000000000e+07 7.404999999999999716e+01 -4.566666666666666430e+00 3.316000000000000000e+03
      1 2.120202000000000000e+07 7.401666666666666572e+01 -4.766666666666666607e+00 2.800000000000000000e+03
      1 2.120204000000000000e+07 7.408333333333332860e+01 -4.516666666666666607e+00 2.985000000000000000e+03
      1 2.120205000000000000e+07 7.416666666666667140e+01 -4.533333333333333215e+00 3.000000000000000000e+03
      1 2.120207000000000000e+07 7.415000000000000568e+01 -4.650000000000000355e+00 2.900000000000000000e+03
      1 2.120208000000000000e+07 7.406666666666666288e+01 -4.766666666666666607e+00 2.500000000000000000e+03
      1 2.120211000000000000e+07 7.423333333333333428e+01 -4.583333333333333037e+00 2.572000000000000000e+03
      1 2.120212000000000000e+07 7.415000000000000568e+01 -4.666666666666666963e+00 2.545000000000000000e+03
      2 2.120516000000000000e+07 7.418333333333333712e+01 -4.716666666666666785e+00 2.545000000000000000e+03
      1 2.120524000000000000e+07 7.406666666666666288e+01 -4.566666666666666430e+00 2.800000000000000000e+03
      1 2.120539000000000000e+07 7.373333333333333428e+01 -5.083333333333333037e+00 2.675000000000000000e+03
      3 2.120540000000000000e+07 7.386666666666666003e+01 -5.116666666666666252e+00 2.580000000000000000e+03
      1 2.120541000000000000e+07 7.398333333333333428e+01 -5.150000000000000355e+00 3.100000000000000000e+03
      1 2.120542000000000000e+07 7.420888888888889312e+01 -4.691388888888889497e+00 2.543000000000000000e+03
      2 2.120552000000000000e+07 7.415000000000000568e+01 -4.700000000000000178e+00 2.546000000000000000e+03
      2 2.120557000000000000e+07 7.421666666666666856e+01 -4.849999999999999645e+00 2.590000000000000000e+03
      1 2.120558000000000000e+07 7.406138888888888516e+01 -4.598333333333332718e+00 2.725000000000000000e+03
      2 2.120565000000000000e+07 7.393333333333333712e+01 -4.766666666666666607e+00 2.620000000000000000e+03
      1 2.120567000000000000e+07 7.443750000000000000e+01 -4.770833333333333037e+00 1.915000000000000000e+03
      1 2.120569000000000000e+07 7.409999999999999432e+01 -4.616666666666667140e+00 2.680000000000000000e+03
      1 2.120570000000000000e+07 7.386805555555554292e+01 -4.879722222222222960e+00 2.750000000000000000e+03
      1 2.120571000000000000e+07 7.410249999999999204e+01 -4.669166666666667354e+00 2.552000000000000000e+03
      1 2.120572000000000000e+07 7.418916666666666515e+01 -4.505555555555555536e+00 2.900000000000000000e+03
      1 2.120574000000000000e+07 7.370138888888888573e+01 -5.117499999999999716e+00 2.709000000000000000e+03
      2 2.120577000000000000e+07 7.427249999999999375e+01 -4.728611111111111320e+00 2.550000000000000000e+03
      1 2.120579000000000000e+07 7.415055555555555600e+01 -4.705555555555555713e+00 2.547000000000000000e+03
      1 2.120585000000000000e+07 7.384805555555554690e+01 -5.033888888888888857e+00 2.567000000000000000e+03
      2 2.120589000000000000e+07 7.405416666666666003e+01 -4.885833333333333250e+00 2.550000000000000000e+03
      2 2.120591000000000000e+07 7.400111111111111484e+01 -4.989166666666666750e+00 2.600000000000000000e+03
      2 2.120592000000000000e+07 7.396388888888888857e+01 -4.820833333333332860e+00 2.650000000000000000e+03
      1 2.120598000000000000e+07 7.420083333333333542e+01 -4.792222222222221717e+00 2.560000000000000000e+03
      1 2.120601000000000000e+07 7.380249999999999488e+01 -5.088888888888888573e+00 2.550000000000000000e+03
      2 2.120602000000000000e+07 7.410805555555555202e+01 -4.914166666666667460e+00 2.575000000000000000e+03
      1 2.120605000000000000e+07 7.404555555555555202e+01 -4.788333333333333108e+00 2.650000000000000000e+03
      2 2.120606000000000000e+07 7.425333333333333030e+01 -4.716944444444444606e+00 2.575000000000000000e+03
      1 2.120614000000000000e+07 7.393333333333333712e+01 -4.966666666666666785e+00 2.698000000000000000e+03
      1 2.120618000000000000e+07 7.444333333333334224e+01 -4.805277777777777537e+00 1.850000000000000000e+03
      2 2.120621000000000000e+07 7.415722222222223081e+01 -4.736111111111111605e+00 2.560000000000000000e+03
      2 2.120622000000000000e+07 7.408888888888888857e+01 -4.638055555555554932e+00 2.556000000000000000e+03
      2 2.120623000000000000e+07 7.415138888888888857e+01 -4.661666666666667069e+00 2.543000000000000000e+03
      1 2.120626000000000000e+07 7.404972222222221490e+01 -4.798611111111110716e+00 2.570000000000000000e+03
      2 2.120628000000000000e+07 7.433305555555554633e+01 -4.653611111111111143e+00 2.650000000000000000e+03
      2 2.120629000000000000e+07 7.441666666666667140e+01 -4.866666666666667140e+00 2.673000000000000000e+03
      1 2.120630000000000000e+07 7.416666666666667140e+01 -4.500000000000000000e+00 2.700000000000000000e+03
      2 2.120634000000000000e+07 7.436666666666666003e+01 -4.466666666666666785e+00 2.700000000000000000e+03
      1 2.121002000000000000e+07 7.532138888888889028e+01 -4.556111111111111001e+00 1.765000000000000000e+03
      1 2.121003000000000000e+07 7.530083333333332973e+01 -4.510833333333333250e+00 1.505000000000000000e+03
      1 2.121010000000000000e+07 7.533027777777778056e+01 -4.600277777777777466e+00 2.670000000000000000e+03
      1 2.121011000000000000e+07 7.527777777777777146e+01 -4.520833333333333037e+00 2.170000000000000000e+03
      2 2.121013000000000000e+07 7.551111111111110574e+01 -4.379999999999999893e+00 2.070000000000000000e+03
      1 2.121014000000000000e+07 7.551222222222222058e+01 -4.351111111111110930e+00 2.050000000000000000e+03
      1 2.121015000000000000e+07 7.554194444444443945e+01 -4.284722222222222321e+00 3.080000000000000000e+03
      1 2.121016000000000000e+07 7.530416666666666003e+01 -4.466666666666666785e+00 1.920000000000000000e+03
      1 2.121017000000000000e+07 7.541666666666667140e+01 -4.349999999999999645e+00 2.200000000000000000e+03
      1 2.121018000000000000e+07 7.541861111111111882e+01 -4.520833333333333037e+00 2.000000000000000000e+03
      1 2.121022000000000000e+07 7.532555555555555316e+01 -4.580000000000000071e+00 2.200000000000000000e+03
      1 2.121510000000000000e+07 7.542444444444444684e+01 -4.441388888888889497e+00 1.920000000000000000e+03
      2 2.121513000000000000e+07 7.551833333333333087e+01 -4.341111111111111143e+00 2.120000000000000000e+03
      1 2.124003000000000000e+07 7.507527777777777089e+01 -4.542222222222221717e+00 1.980000000000000000e+03
      1 2.124007000000000000e+07 7.508999999999998920e+01 -4.637499999999999289e+00 1.814000000000000000e+03
      1 2.124509000000000000e+07 7.525000000000000000e+01 -4.716666666666666785e+00 3.250000000000000000e+03
      2 2.124513000000000000e+07 7.513888888888889994e+01 -4.735833333333333783e+00 2.750000000000000000e+03
      1 2.125005000000000000e+07 7.525000000000000000e+01 -4.849999999999999645e+00 3.150000000000000000e+03
      1 2.125011000000000000e+07 7.517333333333333201e+01 -4.870555555555555749e+00 2.960000000000000000e+03
      1 2.125012000000000000e+07 7.511666666666666003e+01 -5.033333333333333215e+00 2.025000000000000000e+03
      1 2.125017000000000000e+07 7.525277777777777999e+01 -4.903888888888888964e+00 3.740000000000000000e+03
      1 2.125049000000000000e+07 7.513333333333333997e+01 -4.883333333333332860e+00 2.400000000000000000e+03
      1 2.125511000000000000e+07 7.513166666666666060e+01 -4.701666666666667105e+00 2.091000000000000000e+03
      1 2.201001000000000000e+07 7.581638888888888062e+01 -3.288333333333333108e+00 2.000000000000000000e+03
      1 2.201006000000000000e+07 7.576666666666666572e+01 -3.383333333333333304e+00 2.120000000000000000e+03
      1 2.201501000000000000e+07 7.578333333333333144e+01 -3.216944444444444606e+00 2.040000000000000000e+03
      1 2.202002000000000000e+07 7.576500000000000057e+01 -3.047222222222222054e+00 1.780000000000000000e+03
      1 2.202004000000000000e+07 7.559055555555555372e+01 -3.288611111111110930e+00 1.700000000000000000e+03
      1 2.205006000000000000e+07 7.569305555555555998e+01 -3.903333333333333321e+00 2.490000000000000000e+03
      1 2.205007000000000000e+07 7.549083333333332746e+01 -3.429444444444444517e+00 1.630000000000000000e+03
      1 2.207001000000000000e+07 7.560749999999998749e+01 -4.006388888888888999e+00 2.468000000000000000e+03
      2 2.207003000000000000e+07 7.549944444444444969e+01 -4.124444444444444358e+00 2.700000000000000000e+03
      1 2.207503000000000000e+07 7.528444444444444628e+01 -4.201388888888889284e+00 2.020000000000000000e+03
      1 2.302009000000000000e+07 7.526694444444444798e+01 -5.278055555555555500e+00 2.637000000000000000e+03
      1 2.305008000000000000e+07 7.505749999999999034e+01 -5.298888888888888538e+00 1.600000000000000000e+03
      1 2.306020000000000000e+07 7.423916666666666231e+01 -5.059444444444443967e+00 1.798000000000000000e+03
      1 2.306506000000000000e+07 7.446166666666667311e+01 -4.841944444444443718e+00 2.200000000000000000e+03
      1 2.306510000000000000e+07 7.430722222222222229e+01 -4.901666666666667282e+00 2.475000000000000000e+03
      1 2.306512000000000000e+07 7.413916666666666799e+01 -5.141388888888889674e+00 2.000000000000000000e+03
      1 2.308064000000000000e+07 7.532777777777776862e+01 -6.170833333333333393e+00 2.028000000000000000e+03
      1 2.308504000000000000e+07 7.541472222222222399e+01 -6.131666666666665932e+00 2.090000000000000000e+03
      2 2.308520000000000000e+07 7.542583333333334394e+01 -6.168611111111111711e+00 2.073000000000000000e+03
      2 2.312012000000000000e+07 7.391666666666667140e+01 -5.599999999999999645e+00 2.800000000000000000e+03
      1 2.312022000000000000e+07 7.391333333333334110e+01 -5.870833333333333570e+00 2.590000000000000000e+03
      1 2.312507000000000000e+07 7.406666666666666288e+01 -5.299999999999999822e+00 2.150000000000000000e+03
      1 2.319013000000000000e+07 7.297055555555556339e+01 -7.196111111111111569e+00 1.910000000000000000e+03
      1 2.319030000000000000e+07 7.296638888888888630e+01 -7.109999999999999432e+00 3.310000000000000000e+03
      1 2.319040000000000000e+07 7.305722222222222229e+01 -7.124444444444444358e+00 1.779000000000000000e+03
      2 2.319045000000000000e+07 7.287833333333333030e+01 -7.308888888888888324e+00 3.220000000000000000e+03
      1 2.319509000000000000e+07 7.298749999999999716e+01 -7.365833333333332789e+00 1.725000000000000000e+03
      1 2.319518000000000000e+07 7.305166666666666231e+01 -7.735277777777778141e+00 1.882000000000000000e+03
      2 2.319520000000000000e+07 7.299111111111110972e+01 -7.473888888888889248e+00 1.850000000000000000e+03
      2 2.401007000000000000e+07 7.370972222222222570e+01 -5.303055555555554967e+00 2.650000000000000000e+03
      2 2.401014000000000000e+07 7.377055555555556055e+01 -5.250833333333333464e+00 2.620000000000000000e+03
      1 2.401015000000000000e+07 7.386361111111111200e+01 -5.511111111111111072e+00 2.590000000000000000e+03
      2 2.401017000000000000e+07 7.369083333333333030e+01 -5.385833333333334139e+00 2.690000000000000000e+03
      2 2.401018000000000000e+07 7.363111111111111029e+01 -5.538611111111110930e+00 2.290000000000000000e+03
      2 2.401028000000000000e+07 7.371666666666666856e+01 -5.299999999999999822e+00 2.585000000000000000e+03
      2 2.401029000000000000e+07 7.361666666666666003e+01 -5.616666666666667140e+00 2.090000000000000000e+03
      1 2.401039000000000000e+07 7.361666666666666003e+01 -5.299999999999999822e+00 2.800000000000000000e+03
      2 2.401041000000000000e+07 7.354388888888888687e+01 -5.601388888888888751e+00 2.120000000000000000e+03
      2 2.401044000000000000e+07 7.384999999999999432e+01 -5.383333333333333748e+00 3.130000000000000000e+03
      2 2.401046000000000000e+07 7.359999999999999432e+01 -5.716666666666666785e+00 2.370000000000000000e+03
      1 2.401051000000000000e+07 7.366666666666667140e+01 -5.466666666666666785e+00 2.900000000000000000e+03
      2 2.401061000000000000e+07 7.390444444444445082e+01 -5.351111111111110930e+00 2.970000000000000000e+03
      1 2.401063000000000000e+07 7.344388888888889255e+01 -5.760555555555555429e+00 2.600000000000000000e+03
      1 2.401069000000000000e+07 7.363333333333333997e+01 -5.716666666666666785e+00 2.600000000000000000e+03
      1 2.401070000000000000e+07 7.375888888888889028e+01 -5.696111111111111569e+00 2.550000000000000000e+03
      1 2.401071000000000000e+07 7.357638888888888573e+01 -5.851388888888888751e+00 1.764000000000000000e+03
      1 2.401075000000000000e+07 7.360916666666666686e+01 -5.925833333333333286e+00 1.730000000000000000e+03
      1 2.401080000000000000e+07 7.353333333333333144e+01 -5.483333333333333393e+00 2.800000000000000000e+03
      1 2.401081000000000000e+07 7.354944444444444684e+01 -5.750833333333333464e+00 2.375000000000000000e+03
      2 2.401083000000000000e+07 7.345027777777778510e+01 -5.639999999999999680e+00 2.985000000000000000e+03
      2 2.401084000000000000e+07 7.338555555555555543e+01 -5.634444444444444144e+00 3.195000000000000000e+03
      1 2.401087000000000000e+07 7.319611111111110802e+01 -5.899444444444443825e+00 2.200000000000000000e+03
      2 2.401106000000000000e+07 7.380138888888888005e+01 -5.462222222222222534e+00 2.600000000000000000e+03
      2 2.401108000000000000e+07 7.375249999999999773e+01 -5.247777777777777430e+00 2.562000000000000000e+03
      2 2.401109000000000000e+07 7.379138888888888914e+01 -5.327222222222221859e+00 2.555000000000000000e+03
      2 2.401502000000000000e+07 7.359999999999999432e+01 -5.883333333333332860e+00 1.700000000000000000e+03
      2 2.401509000000000000e+07 7.360222222222220978e+01 -5.710555555555555607e+00 2.300000000000000000e+03
      2 2.401511000000000000e+07 7.385166666666665947e+01 -5.303611111111110610e+00 2.610000000000000000e+03
      1 2.401512000000000000e+07 7.373472222222221717e+01 -5.467222222222222427e+00 2.580000000000000000e+03
      2 2.401513000000000000e+07 7.384999999999999432e+01 -5.500000000000000000e+00 2.572000000000000000e+03
      2 2.401521000000000000e+07 7.384999999999999432e+01 -5.250000000000000000e+00 2.700000000000000000e+03
      2 2.401522000000000000e+07 7.349555555555555486e+01 -5.511666666666666714e+00 2.600000000000000000e+03
      1 2.401527000000000000e+07 7.367277777777778169e+01 -5.997222222222222676e+00 2.170000000000000000e+03
      3 2.401530000000000000e+07 7.354388888888888687e+01 -5.655833333333333712e+00 2.215000000000000000e+03
      2 2.402013000000000000e+07 7.305611111111110745e+01 -6.601666666666666572e+00 1.626000000000000000e+03
      1 2.402023000000000000e+07 7.298333333333333428e+01 -6.250000000000000000e+00 2.000000000000000000e+03
      2 2.403012000000000000e+07 7.307638888888888573e+01 -5.523611111111111249e+00 2.678000000000000000e+03
      2 2.403014000000000000e+07 7.325027777777778226e+01 -5.507222222222222463e+00 2.720000000000000000e+03
      2 2.403016000000000000e+07 7.278333333333333144e+01 -5.907500000000000639e+00 2.486000000000000000e+03
      2 2.403019000000000000e+07 7.284972222222221205e+01 -5.724444444444444891e+00 2.970000000000000000e+03
      2 2.403021000000000000e+07 7.269722222222222285e+01 -6.836111111111111249e+00 2.440000000000000000e+03
      2 2.403023000000000000e+07 7.297583333333334110e+01 -5.616111111111110610e+00 2.470000000000000000e+03
      1 2.403024000000000000e+07 7.268916666666666515e+01 -6.231666666666666465e+00 2.550000000000000000e+03
      2 2.403026000000000000e+07 7.244444444444444287e+01 -6.406666666666667176e+00 2.749000000000000000e+03
      2 2.403029000000000000e+07 7.258111111111111313e+01 -6.493888888888888822e+00 1.856000000000000000e+03
      2 2.403031000000000000e+07 7.332388888888888800e+01 -5.628888888888889497e+00 2.820000000000000000e+03
      1 2.403032000000000000e+07 7.262999999999999545e+01 -6.627500000000000391e+00 1.976000000000000000e+03
      2 2.403033000000000000e+07 7.293166666666667197e+01 -6.939722222222222570e+00 2.050000000000000000e+03
      1 2.403035000000000000e+07 7.303555555555554690e+01 -5.834166666666666501e+00 2.540000000000000000e+03
      1 2.403037000000000000e+07 7.283472222222221149e+01 -6.188333333333333464e+00 3.080000000000000000e+03
      2 2.403038000000000000e+07 7.323472222222221717e+01 -5.751388888888889106e+00 2.860000000000000000e+03
      1 2.403040000000000000e+07 7.298555555555554974e+01 -5.868611111111111889e+00 2.690000000000000000e+03
      2 2.403041000000000000e+07 7.300472222222222740e+01 -5.743611111111111001e+00 2.500000000000000000e+03
      1 2.403042000000000000e+07 7.331055555555555259e+01 -5.518888888888889177e+00 2.873000000000000000e+03
      2 2.403045000000000000e+07 7.332333333333332348e+01 -5.606111111111110823e+00 2.645000000000000000e+03
      2 2.403050000000000000e+07 7.328166666666666629e+01 -5.558611111111110503e+00 2.900000000000000000e+03
      2 2.403051000000000000e+07 7.307166666666665833e+01 -5.699166666666666714e+00 2.900000000000000000e+03
      2 2.403053000000000000e+07 7.323333333333333428e+01 -5.684722222222222676e+00 2.580000000000000000e+03
      2 2.403054000000000000e+07 7.297833333333333883e+01 -5.665277777777777857e+00 2.486000000000000000e+03
      2 2.403055000000000000e+07 7.320000000000000284e+01 -5.566666666666666430e+00 2.675000000000000000e+03
      1 2.403056000000000000e+07 7.279222222222222172e+01 -5.759722222222221966e+00 2.900000000000000000e+03
      2 2.403057000000000000e+07 7.263527777777778738e+01 -6.061944444444444358e+00 2.328000000000000000e+03
      2 2.403058000000000000e+07 7.259027777777777146e+01 -6.139722222222222747e+00 2.962000000000000000e+03
      1 2.403059000000000000e+07 7.293833333333333258e+01 -5.962222222222222534e+00 2.643000000000000000e+03
      2 2.403061000000000000e+07 7.304999999999999716e+01 -5.849999999999999645e+00 2.590000000000000000e+03
      1 2.403063000000000000e+07 7.282166666666665833e+01 -6.960277777777777786e+00 2.362000000000000000e+03
      1 2.403064000000000000e+07 7.276972222222222797e+01 -5.815555555555555145e+00 3.200000000000000000e+03
      2 2.403065000000000000e+07 7.285555555555555429e+01 -6.033611111111111036e+00 2.833000000000000000e+03
      1 2.403066000000000000e+07 7.241861111111111882e+01 -6.375833333333332575e+00 3.409000000000000000e+03
      2 2.403067000000000000e+07 7.277083333333332860e+01 -6.139444444444444926e+00 3.240000000000000000e+03
      1 2.403068000000000000e+07 7.259083333333332178e+01 -6.653333333333333321e+00 2.310000000000000000e+03
      2 2.403069000000000000e+07 7.264388888888889539e+01 -5.988333333333333286e+00 3.052000000000000000e+03
      2 2.403070000000000000e+07 7.273277777777778397e+01 -6.514722222222221859e+00 2.400000000000000000e+03
      1 2.403075000000000000e+07 7.285833333333333428e+01 -6.881111111111111178e+00 2.362000000000000000e+03
      2 2.403076000000000000e+07 7.291666666666667140e+01 -5.633333333333332860e+00 3.225000000000000000e+03
      2 2.403077000000000000e+07 7.312611111111110063e+01 -5.623333333333333961e+00 2.836000000000000000e+03
      2 2.403078000000000000e+07 7.321666666666666856e+01 -5.599999999999999645e+00 2.690000000000000000e+03
      2 2.403079000000000000e+07 7.293999999999999773e+01 -5.773333333333333428e+00 2.500000000000000000e+03
      2 2.403080000000000000e+07 7.316333333333334110e+01 -5.533611111111111036e+00 3.200000000000000000e+03
      1 2.403082000000000000e+07 7.320083333333333542e+01 -5.651111111111111640e+00 2.780000000000000000e+03
      1 2.403084000000000000e+07 7.308222222222221376e+01 -5.891388888888888786e+00 3.650000000000000000e+03
      1 2.403086000000000000e+07 7.286666666666666003e+01 -6.100555555555555287e+00 2.800000000000000000e+03
      2 2.403094000000000000e+07 7.290777777777778113e+01 -5.755833333333333357e+00 2.500000000000000000e+03
      2 2.403104000000000000e+07 7.298333333333333428e+01 -5.816666666666666430e+00 2.500000000000000000e+03
      2 2.403501000000000000e+07 7.254527777777776976e+01 -6.245277777777777928e+00 2.950000000000000000e+03
      2 2.403502000000000000e+07 7.281055555555555259e+01 -5.907222222222222818e+00 2.575000000000000000e+03
      2 2.403504000000000000e+07 7.320777777777777828e+01 -5.579444444444444429e+00 2.700000000000000000e+03
      1 2.403507000000000000e+07 7.240916666666667822e+01 -6.463333333333333819e+00 2.963000000000000000e+03
      2 2.403512000000000000e+07 7.307444444444443832e+01 -5.802222222222222392e+00 2.485000000000000000e+03
      3 2.403513000000000000e+07 7.335527777777777203e+01 -5.553333333333332789e+00 2.690000000000000000e+03
      2 2.403514000000000000e+07 7.296666666666666856e+01 -5.683333333333333570e+00 2.500000000000000000e+03
      3 2.403515000000000000e+07 7.289055555555556509e+01 -5.778611111111111143e+00 2.530000000000000000e+03
      2 2.403517000000000000e+07 7.311611111111110972e+01 -5.745833333333333570e+00 2.470000000000000000e+03
      1 2.403519000000000000e+07 7.320000000000000284e+01 -5.466666666666666785e+00 3.250000000000000000e+03
      1 2.403524000000000000e+07 7.237166666666665549e+01 -6.407222222222222818e+00 3.716000000000000000e+03
      2 2.403525000000000000e+07 7.246611111111111825e+01 -6.188333333333333464e+00 2.888000000000000000e+03
      2 2.403527000000000000e+07 7.270749999999999602e+01 -6.840833333333333321e+00 2.698000000000000000e+03
      2 2.403530000000000000e+07 7.318750000000000000e+01 -5.596666666666666679e+00 2.700000000000000000e+03
      2 2.403531000000000000e+07 7.250472222222222740e+01 -6.549444444444444180e+00 2.350000000000000000e+03
      2 2.403532000000000000e+07 7.270472222222223024e+01 -6.133055555555555038e+00 2.594000000000000000e+03
      2 2.403533000000000000e+07 7.257861111111110120e+01 -6.326111111111110574e+00 2.150000000000000000e+03
      3 2.403534000000000000e+07 7.296777777777778340e+01 -5.676944444444444571e+00 2.500000000000000000e+03
      1 2.405503000000000000e+07 7.328249999999999886e+01 -6.792777777777777359e+00 1.810000000000000000e+03
      2 2.601002000000000000e+07 7.641000000000001080e+01 -2.343333333333333268e+00 2.400000000000000000e+03
      1 2.601003000000000000e+07 7.646444444444445310e+01 -2.381111111111111178e+00 2.630000000000000000e+03
      1 2.601502000000000000e+07 7.545000000000000284e+01 -2.166666666666666519e+00 2.900000000000000000e+03
      2 2.602002000000000000e+07 7.634888888888887948e+01 -2.624444444444444358e+00 2.540000000000000000e+03
      1 2.602003000000000000e+07 7.654250000000000398e+01 -2.642222222222222250e+00 1.800000000000000000e+03
      1 2.602013000000000000e+07 7.641861111111111882e+01 -2.541666666666666519e+00 2.500000000000000000e+03
      1 2.602020000000000000e+07 7.648916666666666231e+01 -2.961111111111111249e+00 1.850000000000000000e+03
      1 2.602023000000000000e+07 7.676027777777777317e+01 -2.605833333333333446e+00 1.800000000000000000e+03
      1 2.602032000000000000e+07 7.640388888888890051e+01 -2.363055555555555465e+00 2.900000000000000000e+03
      2 2.602046000000000000e+07 7.640444444444445082e+01 -2.487500000000000266e+00 2.470000000000000000e+03
      1 2.602507000000000000e+07 7.628888888888889142e+01 -2.509722222222222410e+00 3.000000000000000000e+03
      1 2.603503000000000000e+07 7.660861111111110233e+01 -2.452777777777777946e+00 1.749000000000000000e+03
      2 2.604019000000000000e+07 7.615000000000000568e+01 -3.033333333333333215e+00 2.339000000000000000e+03
      2 2.604020000000000000e+07 7.623333333333333428e+01 -2.966666666666666785e+00 1.713000000000000000e+03
      1 2.604022000000000000e+07 7.621666666666666856e+01 -3.049999999999999822e+00 1.838000000000000000e+03
      2 2.604026000000000000e+07 7.626222222222222058e+01 -2.952222222222222303e+00 1.817000000000000000e+03
      1 2.604029000000000000e+07 7.640749999999999886e+01 -2.880277777777777715e+00 2.018000000000000000e+03
      1 2.604034000000000000e+07 7.634999999999999432e+01 -2.700000000000000178e+00 2.500000000000000000e+03
      1 2.606020000000000000e+07 7.614055555555556509e+01 -3.226388888888889195e+00 2.370000000000000000e+03
      2 2.607059000000000000e+07 7.606666666666666288e+01 -3.433333333333333570e+00 2.410000000000000000e+03
      1 2.607061000000000000e+07 7.616666666666667140e+01 -3.366666666666666696e+00 2.160000000000000000e+03
      2 2.607511000000000000e+07 7.618555555555555259e+01 -3.313888888888888662e+00 1.626000000000000000e+03
      2 2.608028000000000000e+07 7.660138888888887720e+01 -3.438055555555555642e+00 1.651000000000000000e+03
      2 2.609006000000000000e+07 7.616555555555555657e+01 -3.773055555555555607e+00 1.850000000000000000e+03
      2 2.609038000000000000e+07 7.600000000000000000e+01 -3.633333333333333304e+00 2.875000000000000000e+03
      2 2.609051000000000000e+07 7.609999999999999432e+01 -3.633333333333333304e+00 1.555000000000000000e+03
      1 2.609056000000000000e+07 7.601666666666666572e+01 -3.716666666666666785e+00 3.052000000000000000e+03
      1 2.609066000000000000e+07 7.611666666666666003e+01 -3.716666666666666785e+00 3.900000000000000000e+03
      1 2.609088000000000000e+07 7.618333333333333712e+01 -3.583333333333333481e+00 1.750000000000000000e+03
      1 2.609508000000000000e+07 7.607472222222222058e+01 -3.729722222222222161e+00 2.609000000000000000e+03
      1 2.610035000000000000e+07 7.599444444444444002e+01 -4.054166666666666252e+00 1.683000000000000000e+03
      2 2.610038000000000000e+07 7.586666666666666003e+01 -4.083333333333333037e+00 2.290000000000000000e+03
      2 2.610066000000000000e+07 7.596666666666666856e+01 -3.950000000000000178e+00 2.350000000000000000e+03
      2 2.610069000000000000e+07 7.610027777777777658e+01 -3.878888888888889053e+00 2.160000000000000000e+03
      1 2.610077000000000000e+07 7.604250000000000398e+01 -4.114166666666666750e+00 2.000000000000000000e+03
      2 2.610079000000000000e+07 7.580555555555555713e+01 -4.057222222222222285e+00 2.711000000000000000e+03
      2 2.610080000000000000e+07 7.606583333333333030e+01 -3.888611111111111018e+00 2.504000000000000000e+03
      1 2.610514000000000000e+07 7.588805555555556737e+01 -4.033333333333333215e+00 2.902000000000000000e+03
      1 2.611017000000000000e+07 7.626666666666666572e+01 -4.416666666666666963e+00 1.640000000000000000e+03
      2 2.611022000000000000e+07 7.611666666666666003e+01 -4.683333333333333570e+00 1.750000000000000000e+03
      2 2.611043000000000000e+07 7.611666666666666003e+01 -4.633333333333332860e+00 1.514000000000000000e+03
      1 2.611044000000000000e+07 7.609999999999999432e+01 -4.633333333333332860e+00 1.807000000000000000e+03
      2 2.611502000000000000e+07 7.615000000000000568e+01 -4.566666666666666430e+00 1.643000000000000000e+03
      1 2.612016000000000000e+07 7.556888888888887834e+01 -4.635555555555555429e+00 1.910000000000000000e+03
      1 2.614012000000000000e+07 7.587222222222222001e+01 -5.294444444444444287e+00 1.520000000000000000e+03
      1 2.615515000000000000e+07 7.534999999999999432e+01 -4.901388888888889461e+00 4.150000000000000000e+03
      1 2.618017000000000000e+07 7.538138888888887834e+01 -5.998333333333333073e+00 2.479000000000000000e+03
      1 2.618501000000000000e+07 7.534472222222221660e+01 -5.578611111111110965e+00 2.180000000000000000e+03
      1 2.619501000000000000e+07 7.584999999999999432e+01 -5.533333333333333215e+00 1.570000000000000000e+03
      1 2.620014000000000000e+07 7.577138888888889312e+01 -6.157777777777778461e+00 1.619000000000000000e+03
      1 2.620502000000000000e+07 7.571666666666666856e+01 -5.933333333333333570e+00 1.600000000000000000e+03
      1 2.621007000000000000e+07 7.598111111111111882e+01 -6.405833333333333712e+00 1.725000000000000000e+03
      2 2.621013000000000000e+07 7.595583333333333087e+01 -6.503333333333332966e+00 2.128000000000000000e+03
      2 2.621014000000000000e+07 7.594527777777777544e+01 -6.218333333333333712e+00 1.792000000000000000e+03
      2 2.622009000000000000e+07 7.595722222222222797e+01 -6.688055555555555642e+00 1.973000000000000000e+03
      1 2.622504000000000000e+07 7.591277777777777658e+01 -6.729444444444444784e+00 1.650000000000000000e+03
      1 2.623011000000000000e+07 7.566972222222223365e+01 -6.909722222222222321e+00 1.600000000000000000e+03
      2 2.623018000000000000e+07 7.571750000000000114e+01 -6.426944444444444571e+00 1.600000000000000000e+03
      2 2.701080000000000000e+07 7.560722222222221944e+01 -6.399722222222222534e+00 2.600000000000000000e+03
      1 2.701082000000000000e+07 7.545361111111111541e+01 -6.368333333333333179e+00 1.600000000000000000e+03
      1 2.701083000000000000e+07 7.551555555555555088e+01 -6.563055555555555642e+00 2.320000000000000000e+03
      1 2.701511000000000000e+07 7.582694444444443604e+01 -6.533888888888888857e+00 2.600000000000000000e+03
      1 2.702021000000000000e+07 7.533222222222221376e+01 -6.883055555555555927e+00 1.650000000000000000e+03
      2 2.906009000000000000e+07 7.359999999999999432e+01 -1.056666666666666643e+01 2.000000000000000000e+03
      1 3.502024000000000000e+07 7.393333333333333712e+01 -4.533333333333333215e+00 1.950000000000000000e+03
      1 3.502028000000000000e+07 7.392638888888889426e+01 -4.522777777777777786e+00 1.950000000000000000e+03
      1 3.502029000000000000e+07 7.389027777777778283e+01 -4.486388888888888538e+00 1.900000000000000000e+03
      1 3.502030000000000000e+07 7.400249999999999773e+01 -4.253888888888888609e+00 2.300000000000000000e+03
      1 3.502031000000000000e+07 7.414583333333334281e+01 -4.172222222222222499e+00 2.800000000000000000e+03
      1 3.502036000000000000e+07 7.395000000000000284e+01 -4.333333333333333037e+00 2.250000000000000000e+03
      1 3.502038000000000000e+07 7.383333333333332860e+01 -4.650000000000000355e+00 3.090000000000000000e+03
      1 3.502039000000000000e+07 7.386666666666666003e+01 -4.683333333333333570e+00 2.400000000000000000e+03
      1 3.502041000000000000e+07 7.413333333333333997e+01 -4.016666666666666607e+00 2.850000000000000000e+03
      1 3.502042000000000000e+07 7.401666666666666572e+01 -4.400000000000000355e+00 2.430000000000000000e+03
      1 3.502505000000000000e+07 7.403027777777778340e+01 -4.482777777777777750e+00 2.980000000000000000e+03
      1 3.502506000000000000e+07 7.398138888888888687e+01 -4.575277777777777111e+00 3.195000000000000000e+03
      1 3.502507000000000000e+07 7.419083333333333030e+01 -4.196666666666667211e+00 3.150000000000000000e+03
      1 3.503008000000000000e+07 7.393638888888889937e+01 -4.441111111111111676e+00 2.100000000000000000e+03
      1 3.503017000000000000e+07 7.376666666666666572e+01 -4.549999999999999822e+00 3.100000000000000000e+03
      1 3.503026000000000000e+07 7.365000000000000568e+01 -4.483333333333333393e+00 2.959000000000000000e+03
      1 3.506002000000000000e+07 7.370694444444444571e+01 -4.809999999999999609e+00 1.965000000000000000e+03
      1 3.506005000000000000e+07 7.366861111111111882e+01 -4.792222222222221717e+00 2.323000000000000000e+03
      1 3.506024000000000000e+07 7.360972222222221717e+01 -4.764166666666667105e+00 2.210000000000000000e+03
      2 3.506501000000000000e+07 7.364638888888889312e+01 -4.830277777777777892e+00 1.752000000000000000e+03
      1 3.507001000000000000e+07 7.333249999999999602e+01 -5.399166666666666892e+00 2.360000000000000000e+03
      1 3.507002000000000000e+07 7.351972222222222797e+01 -5.366944444444444073e+00 2.630000000000000000e+03
      1 3.507003000000000000e+07 7.332944444444443377e+01 -5.317777777777777715e+00 2.400000000000000000e+03
      1 3.507004000000000000e+07 7.339583333333334281e+01 -5.315277777777777324e+00 2.115000000000000000e+03
      1 3.507005000000000000e+07 7.344444444444444287e+01 -5.218888888888889355e+00 2.300000000000000000e+03
      1 3.507008000000000000e+07 7.336833333333332519e+01 -5.078611111111110965e+00 1.700000000000000000e+03
      1 3.507010000000000000e+07 7.343277777777778681e+01 -4.982777777777777750e+00 1.600000000000000000e+03
      1 3.507011000000000000e+07 7.348333333333333428e+01 -4.976111111111110930e+00 1.580000000000000000e+03
      1 3.507020000000000000e+07 7.338333333333333997e+01 -5.049999999999999822e+00 1.600000000000000000e+03
      1 3.507021000000000000e+07 7.339555555555556055e+01 -5.139166666666667105e+00 2.160000000000000000e+03
      1 3.507022000000000000e+07 7.336666666666666003e+01 -5.416666666666666963e+00 2.110000000000000000e+03
      1 3.507023000000000000e+07 7.357916666666666572e+01 -5.075000000000000178e+00 1.815000000000000000e+03
      1 3.507031000000000000e+07 7.337305555555555259e+01 -5.422777777777778141e+00 3.250000000000000000e+03
      1 3.507048000000000000e+07 7.353833333333332689e+01 -5.007222222222222463e+00 1.854000000000000000e+03
      1 3.507055000000000000e+07 7.342666666666667652e+01 -5.056388888888888822e+00 1.830000000000000000e+03
      2 3.507501000000000000e+07 7.345638888888889539e+01 -5.353611111111110432e+00 2.438000000000000000e+03
      2 3.507502000000000000e+07 7.344916666666667027e+01 -5.022222222222222143e+00 1.930000000000000000e+03
      2 3.507503000000000000e+07 7.334916666666666174e+01 -5.422222222222222499e+00 2.200000000000000000e+03
      1 3.509001000000000000e+07 7.294861111111111995e+01 -5.477500000000000036e+00 3.047000000000000000e+03
      1 3.509503000000000000e+07 7.294388888888889255e+01 -5.571944444444444144e+00 3.000000000000000000e+03
      1 3.519001000000000000e+07 7.286944444444444002e+01 -5.614166666666666750e+00 3.400000000000000000e+03
      1 3.519002000000000000e+07 7.270472222222223024e+01 -5.523611111111111249e+00 2.950000000000000000e+03
      1 3.523501000000000000e+07 7.252916666666666856e+01 -6.011666666666666714e+00 3.590000000000000000e+03
      1 3.701001000000000000e+07 7.250055555555555031e+01 -7.298055555555555074e+00 1.560000000000000000e+03
      1 3.701002000000000000e+07 7.266472222222222399e+01 -7.139444444444444926e+00 2.410000000000000000e+03
      1 3.701003000000000000e+07 7.264361111111111313e+01 -7.269999999999999574e+00 2.645000000000000000e+03
      1 3.701004000000000000e+07 7.268083333333333940e+01 -7.013888888888889284e+00 3.320000000000000000e+03
      1 3.701005000000000000e+07 7.255611111111110745e+01 -6.810277777777777430e+00 3.168000000000000000e+03
      2 3.701008000000000000e+07 7.271277777777777374e+01 -7.198333333333333250e+00 2.650000000000000000e+03
      1 3.701501000000000000e+07 7.275333333333333030e+01 -7.207500000000000462e+00 2.765000000000000000e+03
      1 3.701502000000000000e+07 7.286861111111110745e+01 -7.186944444444444358e+00 3.214000000000000000e+03
      1 4.401503000000000000e+07 7.666861111111111882e+01 -1.900277777777777732e+00 2.900000000000000000e+03
      1 4.701006000000000000e+07 7.695000000000000284e+01 -1.116666666666666696e+00 2.130000000000000000e+03
      1 4.701010000000000000e+07 7.693333333333333712e+01 -1.166666666666666741e+00 2.065000000000000000e+03
      1 4.701504000000000000e+07 7.688361111111112223e+01 -1.178888888888888875e+00 2.100000000000000000e+03
      1 4.701510000000000000e+07 7.716138888888889369e+01 -1.159722222222222099e+00 2.830000000000000000e+03
      1 5.201002000000000000e+07 7.722166666666666401e+01 -2.032777777777777573e+00 1.700000000000000000e+03
      2 5.201003000000000000e+07 7.733749999999999147e+01 -1.739444444444444571e+00 1.700000000000000000e+03
      1 5.201004000000000000e+07 7.673749999999999716e+01 -2.262222222222222356e+00 1.750000000000000000e+03
      1 5.201011000000000000e+07 7.661999999999999034e+01 -2.334444444444444766e+00 1.820000000000000000e+03
      1 5.201015000000000000e+07 7.658888888888888857e+01 -2.292499999999999982e+00 2.450000000000000000e+03
      1 5.201016000000000000e+07 7.711944444444444002e+01 -2.261388888888888893e+00 1.685000000000000000e+03
      2 5.201019000000000000e+07 7.661055555555554974e+01 -2.172222222222222054e+00 2.430000000000000000e+03
      1 5.201501000000000000e+07 7.661194444444443263e+01 -2.250000000000000000e+00 2.450000000000000000e+03
      2 5.202002000000000000e+07 7.678166666666666629e+01 -2.004999999999999893e+00 2.272000000000000000e+03
      1 5.202007000000000000e+07 7.678277777777778113e+01 -1.814166666666666705e+00 2.180000000000000000e+03
      1 5.202018000000000000e+07 7.673277777777778397e+01 -1.950833333333333197e+00 3.100000000000000000e+03
      1 5.202019000000000000e+07 7.667333333333333201e+01 -2.029999999999999805e+00 2.760000000000000000e+03
      2 5.202501000000000000e+07 7.700388888888889483e+01 -1.829722222222222250e+00 1.510000000000000000e+03
      2 5.202502000000000000e+07 7.689166666666667993e+01 -1.753333333333333410e+00 2.300000000000000000e+03
      1 5.202505000000000000e+07 7.675027777777778226e+01 -2.193611111111110734e+00 1.870000000000000000e+03
      2 5.203002000000000000e+07 7.700000000000000000e+01 -1.649999999999999911e+00 1.770000000000000000e+03
      1 5.203003000000000000e+07 7.713249999999999318e+01 -1.583055555555555438e+00 1.745000000000000000e+03
      2 5.203006000000000000e+07 7.703027777777778340e+01 -1.673888888888888760e+00 1.626000000000000000e+03
      2 5.203008000000000000e+07 7.728333333333333144e+01 -1.550000000000000044e+00 1.680000000000000000e+03
      1 5.203009000000000000e+07 7.696750000000000114e+01 -1.595000000000000195e+00 2.248000000000000000e+03
      2 5.204003000000000000e+07 7.728333333333333144e+01 -1.366666666666666696e+00 2.000000000000000000e+03
      2 5.204004000000000000e+07 7.714972222222222342e+01 -1.404166666666666563e+00 2.020000000000000000e+03
      1 5.204005000000000000e+07 7.703027777777778340e+01 -1.397222222222222143e+00 1.800000000000000000e+03
      2 5.204006000000000000e+07 7.717388888888889653e+01 -1.287222222222222046e+00 2.576000000000000000e+03
      1 5.204007000000000000e+07 7.735499999999998977e+01 -1.282777777777777795e+00 2.590000000000000000e+03
      1 5.204016000000000000e+07 7.713527777777778738e+01 -1.505277777777777715e+00 2.200000000000000000e+03
      2 5.204501000000000000e+07 7.730305555555555941e+01 -1.198055555555555651e+00 2.710000000000000000e+03
      2 5.204502000000000000e+07 7.729083333333332462e+01 -1.393888888888888955e+00 1.816000000000000000e+03
      1 5.204503000000000000e+07 7.703249999999999886e+01 -1.538611111111110930e+00 2.190000000000000000e+03
      3 5.204504000000000000e+07 7.726749999999999829e+01 -1.549166666666666581e+00 1.875000000000000000e+03
      1 5.204507000000000000e+07 7.719277777777777771e+01 -1.197777777777777830e+00 2.850000000000000000e+03
      2 5.205001000000000000e+07 7.743944444444444741e+01 -1.454444444444444429e+00 1.620000000000000000e+03
      2 5.205002000000000000e+07 7.759138888888888630e+01 -1.341388888888888742e+00 1.578000000000000000e+03
      2 5.205004000000000000e+07 7.747916666666667140e+01 -1.322222222222222188e+00 2.000000000000000000e+03
      1 5.205005000000000000e+07 7.767944444444444230e+01 -1.220555555555555616e+00 2.834000000000000000e+03
      1 5.205006000000000000e+07 7.729972222222221490e+01 -1.099444444444444446e+00 2.987000000000000000e+03
      2 5.205008000000000000e+07 7.739194444444444798e+01 -1.094166666666666510e+00 2.420000000000000000e+03
      2 5.205009000000000000e+07 7.749944444444444969e+01 -1.054999999999999938e+00 2.550000000000000000e+03
      1 5.205010000000000000e+07 7.758138888888888118e+01 -9.066666666666667318e-01 2.830000000000000000e+03
      1 5.205011000000000000e+07 7.778694444444444400e+01 -9.077777777777777946e-01 3.092000000000000000e+03
      1 5.205012000000000000e+07 7.750277777777777999e+01 -8.880555555555554870e-01 2.764000000000000000e+03
      2 5.205013000000000000e+07 7.784833333333332916e+01 -8.116666666666667584e-01 3.100000000000000000e+03
      1 5.205501000000000000e+07 7.767750000000000909e+01 -8.569444444444443976e-01 2.961000000000000000e+03
      1 5.205502000000000000e+07 7.763666666666667027e+01 -1.070555555555555483e+00 3.120000000000000000e+03
      2 5.205504000000000000e+07 7.727861111111110404e+01 -1.159999999999999920e+00 2.820000000000000000e+03
      2 5.205507000000000000e+07 7.746666666666666856e+01 -1.266666666666666607e+00 1.700000000000000000e+03
      2 5.205509000000000000e+07 7.738916666666666799e+01 -1.107500000000000151e+00 2.800000000000000000e+03
      1 5.205510000000000000e+07 7.763805555555556737e+01 -1.030277777777777626e+00 3.000000000000000000e+03
      2 5.311010000000000000e+07 7.656638888888888062e+01 -3.647777777777777786e+00 1.580000000000000000e+03
      1 5.403001000000000000e+07 7.620166666666666799e+01 -4.572777777777777608e+00 1.640000000000000000e+03
      1 5.403003000000000000e+07 7.635527777777777203e+01 -4.498333333333333073e+00 1.870000000000000000e+03
      2 5.403009000000000000e+07 7.631666666666666288e+01 -4.349999999999999645e+00 1.750000000000000000e+03
      2 5.403010000000000000e+07 7.623333333333333428e+01 -4.666666666666666963e+00 1.524000000000000000e+03
      1 5.403502000000000000e+07 7.611666666666666003e+01 -4.733333333333333393e+00 1.600000000000000000e+03
