-2.881681959279222660e+00
-2.872934432190893173e+00
-2.867629539199356259e+00
-2.863159924495318975e+00
-2.858733646458071931e+00
-2.854048524658054475e+00
-2.848972203770823608e+00
-2.843441995716560644e+00
-2.837427441208230761e+00
-2.830914342281072305e+00
-2.823897191056560452e+00
-2.816375232839338327e+00
-2.808350232239368971e+00
-2.799825088204485279e+00
-2.790802891852975254e+00
-2.781286221231780154e+00
-2.771276561967905394e+00
-2.760773789740732731e+00
-2.749775674403196479e+00
-2.738277377744848362e+00
-2.726270922725237522e+00
-2.713744614176683889e+00
-2.700682390810568378e+00
-2.687063086502021747e+00
-2.672859575537299026e+00
-2.658037771820886075e+00
-2.642555445834403827e+00
-2.626360815171673746e+00
-2.609390854385482683e+00
-2.591569257198883314e+00
-2.572803968262730834e+00
-2.552984181858384272e+00
-2.531976680395765733e+00
-2.509621355269446408e+00
-2.485725715558340987e+00
-2.460058145151151621e+00
-2.432339615312166803e+00
-2.402233497186516242e+00
-2.369333048243874362e+00
-2.333146071810048738e+00
-2.293076179105516310e+00
-2.248400041477043310e+00
-2.198240062341203505e+00
-2.141532163077988216e+00
-2.076989226405418165e+00
-2.003063141307332096e+00
-1.917914987808916560e+00
-1.819421035945317566e+00
-1.705292548222050009e+00
-1.573527313269652783e+00
-1.423790341192215037e+00
-1.261246338887746399e+00
-1.105939661708757571e+00
-1.009866502142846789e+00
-1.037631576869046501e+00
-1.150357460931777487e+00
-1.283660763012804296e+00
-1.409095369239781181e+00
-1.518062474114008520e+00
-1.609738002160768566e+00
-1.685808176394884672e+00
-1.748515560924495338e+00
-1.800005703167687265e+00
-1.842143781680874781e+00
-1.876493063218892754e+00
-1.904344462540842331e+00
-1.926758073394717607e+00
-1.944603381487587157e+00
-1.958594220559073396e+00
-1.969317868792668236e+00
-1.977258798502768533e+00
-1.982817886787423323e+00
-1.986327894261012528e+00
-1.988065922666013563e+00
-1.988263445454917289e+00
-1.987114395526125232e+00
-1.984781699583603176e+00
-1.981402570218652848e+00
-1.977092803315273928e+00
-1.971950277532579898e+00
-1.966057812168350738e+00
-1.959485507648478286e+00
-1.952292667522540048e+00
-1.944529380787495265e+00
-1.936237827491828156e+00
-1.927453358001305794e+00
-1.918205386330978035e+00
-1.908518130011620517e+00
-1.898411222626833483e+00
-1.887900220087349146e+00
-1.876997017633050824e+00
-1.865710191259423389e+00
-1.854045274586809677e+00
-1.842004979995835789e+00
-1.829589371035168499e+00
-1.816795991583440628e+00
-1.803619955946165421e+00
-1.790054002932634170e+00
-1.776088515937029211e+00
-1.761711510097093258e+00
-1.746908586679621900e+00
-1.731662853900921117e+00
-1.715954812384193895e+00
-1.699762202328239491e+00
-1.683059808142742364e+00
-1.665819214702807249e+00
-1.648008507363745601e+00
-1.629591905278878539e+00
-1.610529314119404587e+00
-1.590775779616411922e+00
-1.570280816825050829e+00
-1.548987580671687736e+00
-1.526831829536939189e+00
-1.503740612412322264e+00
-1.479630575937258330e+00
-1.454405728663423103e+00
-1.427954388638884131e+00
-1.400144800653057242e+00
-1.370818279186961419e+00
-1.339776500100359646e+00
-1.306747499789365108e+00
-1.271238768276922837e+00
-1.232895852125214464e+00
-1.190780785560994204e+00
-1.143036872455055031e+00
-1.087786608324124993e+00
-1.024544117568975787e+00
-9.483605849751146621e-01
-8.484867193349689973e-01
-7.203454376316303920e-01
-5.940725517579421577e-01
-4.560024950140185163e-01
-2.768342443846071865e-01
-7.497453475770454734e-02
6.149293471827936564e-02
1.996792260547903819e-01
3.955325626124902016e-01
5.663535467464316797e-01
6.809800424082773640e-01
7.820383532090227074e-01
8.674097025918687809e-01
8.407879514858925818e-01
9.566181517812478718e-01
9.916088168234962197e-01
1.084197574390355800e+00
1.010791717497132147e+00
1.084819507374451097e+00
1.071755192486068875e+00
1.097955512895478991e+00
1.167662731404149001e+00
1.030024205142517024e+00
1.037487936192974525e+00
1.049967756993329226e+00
1.004197275240986009e+00
1.080313007803782588e+00
9.086311417843794258e-01
7.169772202203725797e-01
6.174942153314249005e-01
5.123380989339970659e-01
3.144401137378299294e-01
1.539230888467711666e-01
3.394065633789108971e-02
-1.334639951057011720e-01
-3.232523949609263370e-01
-4.643996422344603414e-01
-5.793287761464007701e-01
-6.988291097950247721e-01
-7.983914330083234923e-01
-8.713560166444366262e-01
-9.307003019933084431e-01
-9.825066165656828332e-01
-1.025885140193273148e+00
-1.062676031716000891e+00
-1.095134157833647537e+00
-1.124328001535841448e+00
-1.150563918008504327e+00
-1.174456157653990029e+00
-1.196326129178293174e+00
-1.216401710171332695e+00
-1.234864577713875811e+00
-1.251866207891043636e+00
-1.267536007960426092e+00
-1.281986333365663366e+00
-1.295315903090049847e+00
-1.307612263662060625e+00
-1.318953637396194756e+00
-1.329410349035500705e+00
-1.339045951969147774e+00
-1.347918133784518302e+00
-1.356079455778965714e+00
-1.363577965017388705e+00
-1.370457706881117455e+00
-1.376759158771267089e+00
-1.382519600516713076e+00
-1.387773433369185794e+00
-1.392552456788465953e+00
-1.396886110231880807e+00
-1.400801685665418406e+00
-1.404324515373235105e+00
-1.407478138763497366e+00
-1.410284451184536048e+00
-1.412763837227958286e+00
-1.414935290569619530e+00
-1.416816522059269223e+00
-1.418424057495921708e+00
-1.419773326304047734e+00
-1.420878742144406903e+00
-1.421753776344330422e+00
-1.422411024908920130e+00
-1.422862269771885568e+00
-1.423118534858603512e+00
-1.423190137461311178e+00
-1.423086735364654576e+00
-1.422817370107114066e+00
-1.422390506718538949e+00
-1.421814070234854954e+00
-1.421095479256925698e+00
-1.420241676790702678e+00
-1.419259158579490920e+00
-1.418153999115802533e+00
-1.416931875499419569e+00
-1.415598089289486383e+00
-1.414157586481396445e+00
-1.412614975723617716e+00
-1.410974544875155612e+00
-1.409240275990841562e+00
-1.407415858808882314e+00
-1.405504702802871764e+00
-1.403509947848613937e+00
-1.401434473544413972e+00
-1.399280907211823743e+00
-1.397051630591951588e+00
-1.394748785240209621e+00
-1.392374276609537054e+00
-1.389929776798475958e+00
-1.387416725925745276e+00
-1.384836332076830656e+00
-1.382189569750256863e+00
-1.379477176711243036e+00
-1.376699649137845372e+00
-1.373857234918955283e+00
-1.370949924933926312e+00
-1.367977442109370223e+00
-1.364939228008790417e+00
-1.361834426664060071e+00
-1.358661865302795535e+00
-1.355420031560733207e+00
-1.352107046691044978e+00
-1.348720634190477830e+00
-1.345258083151964268e+00
-1.341716205520764538e+00
-1.338091286271142044e+00
-1.334379025326590584e+00
-1.330574469810570815e+00
-1.326671934926374030e+00
-1.322664911411044253e+00
-1.318545957072715158e+00
-1.314306569382013068e+00
-1.309937035419062035e+00
-1.305426254642829020e+00
-1.300761528903316089e+00
-1.295928312799685456e+00
-1.290909915820457554e+00
-1.285687145582169455e+00
-1.280237878773309079e+00
-1.274536542928393246e+00
-1.268553487657790857e+00
-1.262254218111976689e+00
-1.255598455815929881e+00
-1.248538981957955540e+00
-1.241020204915531000e+00
-1.232976376083994019e+00
-1.224329354319235730e+00
-1.214985787236055215e+00
-1.204833534001107598e+00
-1.193737094538428023e+00
-1.181531727639241192e+00
-1.168015825783161432e+00
-1.152940953530375179e+00
-1.135998728335714247e+00
-1.116803396174142593e+00
-1.094868481072516886e+00
-1.069575190878808257e+00
-1.040129215566024223e+00
-1.005500943096032218e+00
-9.643415505727771508e-01
-9.148631572719695404e-01
-8.546637439950285353e-01
-7.804636967915399293e-01
-6.876939800812185144e-01
-5.698230243735857847e-01
-4.172133584709679099e-01
-2.152117503117409458e-01
5.806958820034724411e-02
4.230705236326248175e-01
6.446406522216172608e-01
2.763594482647966366e-01
-5.766473703620306895e-02
-3.032552190524203106e-01
-4.852642604788882097e-01
-6.228923418399293643e-01
-7.285732319745529262e-01
-8.106714878226034537e-01
-8.750616781392516197e-01
-9.259789020448021546e-01
-9.665312487652759632e-01
-9.990307384019584402e-01
-1.025216137344514333e+00
-1.046407508860486280e+00
-1.063615726361602620e+00
-1.077621255687583934e+00
-1.089031462371871317e+00
-1.098322666296783989e+00
-1.105871239638400283e+00
-1.111976766361906899e+00
-1.116879408759628101e+00
-1.120773018945209865e+00
-1.123815105118644242e+00
-1.126134458294096641e+00
-1.127837027773671341e+00
-1.129010477383346922e+00
-1.129727741583717471e+00
-1.130049818569503817e+00
-1.130027977600500888e+00
-1.129705513851920973e+00
-1.129119151621600814e+00
-1.128300172637822341e+00
-1.127275328219786710e+00
-1.126067580530459189e+00
-1.124696707955279429e+00
-1.123179801887577378e+00
-1.121531676279712730e+00
-1.119765206770814814e+00
-1.117891612690127712e+00
-1.115920692509018597e+00
-1.113861021187959155e+00
-1.111720116197267627e+00
-1.109504577676600157e+00
-1.107220207158169156e+00
-1.104872108451639967e+00
-1.102464773628063055e+00
-1.100002156510262008e+00
-1.097487735650191309e+00
-1.094924568428488953e+00
-1.092315337631040606e+00
-1.089662391628797744e+00
-1.086967779100070253e+00
-1.084233279080918599e+00
-1.081460427002695512e+00
-1.078650537271108822e+00
-1.075804722854297957e+00
-1.072923912275096869e+00
-1.070008864342212318e+00
-1.067060180904418898e+00
-1.064078317869246337e+00
-1.061063594691719958e+00
-1.058016202508256232e+00
-1.054936211064971596e+00
-1.051823574567596120e+00
-1.048678136561311147e+00
-1.045499633932585937e+00
-1.042287700111079296e+00
-1.039041867537501274e+00
-1.035761569452716691e+00
-1.032446141054059296e+00
-1.029094820056582593e+00
-1.025706746689662996e+00
-1.022280963152767175e+00
-1.018816412548259498e+00
-1.015311937303639001e+00
-1.011766277090573318e+00
-1.008178066243337723e+00
-1.004545830674793416e+00
-1.000867984283712264e+00
-9.971428248430593833e-01
-9.933685293546781203e-01
-9.895431488516941432e-01
-9.856646026257254167e-01
-9.817306718517075925e-01
-9.777389925786736935e-01
-9.736870480501877978e-01
-9.695721603132212429e-01
-9.653914810690743531e-01
-9.611419817143724842e-01
-9.568204425142136094e-01
-9.524234408430899412e-01
-9.479473384222257826e-01
-9.433882674743790941e-01
-9.387421157088473578e-01
-9.340045100403607803e-01
-9.291707989355676434e-01
-9.242360332698920100e-01
-9.191949455654618850e-01
-9.140419274675239958e-01
-9.087710053020277012e-01
-9.033758135408017642e-01
-8.978495659826641884e-01
-8.921850244387784512e-01
-8.863744646882415479e-01
-8.804096394450608987e-01
-8.742817380499371405e-01
-8.679813425692970430e-01
-8.614983799492944572e-01
-8.548220698336090884e-01
-8.479408676100458342e-01
-8.408424022016901533e-01
-8.335134080626084296e-01
-8.259396507750511596e-01
-8.181058455734294688e-01
-8.099955680387432855e-01
-8.015911561137821773e-01
-7.928736024823859196e-01
-7.838224362326504657e-01
-7.744155925812694630e-01
-7.646292692702981730e-01
-7.544377680538034703e-01
-7.438133194643536950e-01
-7.327258887805608856e-01
-7.211429607978651068e-01
-7.090293006235164341e-01
-6.963466872585805101e-01
-6.830536161755306201e-01
-6.691049664254336005e-01
-6.544516269822105992e-01
-6.390400760125652946e-01
-6.228119054958298761e-01
-6.057032820395433781e-01
-5.876443327534843775e-01
-5.685584425386364105e-01
-5.483614459609134073e-01
-5.269606928044451299e-01
-5.042539611579163195e-01
-4.801281851086629526e-01
-4.544579553033502028e-01
-4.271037391081677903e-01
-3.979097519547773465e-01
-3.667013914587808343e-01
-3.332821193791052350e-01
-2.974296412121663069e-01
-2.588911862201231373e-01
-2.173776281671012944e-01
-1.725561043767241676e-01
-1.240406831365460510e-01
-7.138049411251859433e-02
-1.404457850555772096e-02
4.859743520491179719e-02
1.172997711933605053e-01
1.929706710404289483e-01
2.767074318862340898e-01
3.698308592722481247e-01
4.739004476828144186e-01
5.906547388520930753e-01
7.217196155158230875e-01
8.676521544005175723e-01
1.025195081015909171e+00
1.180218619581466566e+00
1.292509476952642400e+00
1.288933891064877324e+00
1.174634405189270536e+00
1.022216774779296289e+00
8.690773510841020011e-01
7.280697026512447101e-01
6.019749159032861119e-01
4.900877164136807074e-01
3.907526183722540014e-01
3.022399566436311802e-01
2.230090091618093517e-01
1.517580492004508563e-01
8.740636166438578436e-02
2.905933110338634190e-02
-2.402631383137444898e-02
-7.247220873061817337e-02
-1.168023530704244417e-01
-1.574620630830718127e-01
-1.948328240998230265e-01
-2.292439267875344966e-01
-2.609816180172943589e-01
-2.902963403099608208e-01
-3.174085005545178029e-01
-3.425131031717004726e-01
-3.657835019527209686e-01
-3.873744636188149459e-01
-4.074246901685808497e-01
-4.260589125652106124e-01
-4.433896423626422223e-01
-4.595186482912733683e-01
-4.745382099920992802e-01
-4.885321897992012663e-01
-5.015769548343137485e-01
-5.137421750357356043e-01
-5.250915176085068081e-01
-5.356832543900760246e-01
-5.455707955037909507e-01
-5.548031602173203458e-01
-5.634253939809064082e-01
-5.714789390744946518e-01
-5.790019650549605990e-01
-5.860296641970907938e-01
-5.925945163130158511e-01
-5.987265266744495884e-01
-6.044534402196608536e-01
-6.098009347785583456e-01
-6.147927956761024548e-01
-6.194510737617531237e-01
-6.237962286494694863e-01
-6.278472587297223573e-01
-6.316218193249720780e-01
-6.351363301972627884e-01
-6.384060734764774869e-01
-6.414452829565823189e-01
-6.442672256019233989e-01
-6.468842760138125980e-01
-6.493079845272726747e-01
-6.515491395371998395e-01
-6.536178245910186924e-01
-6.555234707299266717e-01
-6.572749045121468736e-01
-6.588803921083749016e-01
-6.603476798211351806e-01
-6.616840313454626088e-01
-6.628962620576897002e-01
-6.639907705917127423e-01
-6.649735679375488040e-01
-6.658503042749701617e-01
-6.666262937351945528e-01
-6.673065372658186778e-01
-6.678957437581380940e-01
-6.683983495815564169e-01
-6.688185366567361845e-01
-6.691602491873789305e-01
-6.694272091598666430e-01
-6.696229307103784834e-01
-6.697507334503719489e-01
-6.698137548334148761e-01
-6.698149616392022887e-01
-6.697571606440816394e-01
-6.696430085415137068e-01
-6.694750211705303711e-01
-6.692555821053760567e-01
-6.689869506550814027e-01
-6.686712693176749545e-01
-6.683105707300658338e-01
-6.679067841512649206e-01
-6.674617415135614129e-01
-6.669771830734720908e-01
-6.664547626917303180e-01
-6.658960527692554532e-01
-6.653025488639056073e-01
-6.646756740108704653e-01
-6.640167827677764256e-01
-6.633271650039400669e-01
-6.626080494517061492e-01
-6.618606070364392302e-01
-6.610859540004694335e-01
-6.602851548351407196e-01
-6.594592250340498563e-01
-6.586091336795800721e-01
-6.577358058739460889e-01
-6.568401250251308943e-01
-6.559229349973431100e-01
-6.549850421349199259e-01
-6.540272171679559765e-01
-6.530501970073420148e-01
-6.520546864363588879e-01
-6.510413597054471868e-01
-6.500108620363307388e-01
-6.489638110412153660e-01
-6.479007980624067464e-01
-6.468223894373085203e-01
-6.457291276934270519e-01
-6.446215326776929544e-01
-6.435001026241142785e-01
-6.423653151635110303e-01
-6.412176282788224491e-01
-6.400574812092528765e-01
-6.388852953063004492e-01
-6.377014748445178904e-01
-6.365064077896600558e-01
-6.353004665267136808e-01
-6.340840085501262546e-01
-6.328573771184213825e-01
-6.316209018752300119e-01
-6.303748994386511040e-01
-6.291196739607298749e-01
-6.278555176587289344e-01
-6.265827113197630638e-01
-6.253015247802743426e-01
-6.240122173817277407e-01
-6.227150384038298014e-01
-6.214102274764843337e-01
-6.200980149716349699e-01
-6.187786223760687321e-01
-6.174522626461912411e-01
-6.161191405457281389e-01
-6.147794529672416797e-01
-6.134333892383122544e-01
-6.120811314131681113e-01
-6.107228545505163364e-01
-6.093587269782738680e-01
-6.079889105458615717e-01
-6.066135608646829880e-01
-6.052328275373795030e-01
-6.038468543764095031e-01
-6.024557796124818676e-01
-6.010597360933263023e-01
-5.996588514732786868e-01
-5.982532483941045420e-01
-5.968430446574869430e-01
-5.954283533895631253e-01
-5.940092831978802668e-01
-5.925859383211178333e-01
-5.911584187719054473e-01
-5.897268204730465868e-01
-5.882912353874405476e-01
-5.868517516419806679e-01
-5.854084536456874988e-01
-5.839614222023267187e-01
-5.825107346177400558e-01
-5.810564648021159240e-01
-5.795986833673973937e-01
-5.781374577200333320e-01
-5.766728521492486825e-01
-5.752049279110132973e-01
-5.737337433078698590e-01
-5.722593537647768791e-01
-5.707818119011103253e-01
-5.693011675989634313e-01
-5.678174680678664821e-01
-5.663307579060550268e-01
-5.648410791583915458e-01
-5.633484713710517067e-01
-5.618529716430687992e-01
-5.603546146748309420e-01
-5.588534328136157692e-01
-5.573494560962409805e-01
-5.558427122889032512e-01
-5.543332269242726706e-01
-5.528210233359058812e-01
-5.513061226900302092e-01
-5.497885440147537439e-01
-5.482683042267416651e-01
-5.467454181554025627e-01
-5.452198985646180551e-01
-5.436917561720463477e-01
-5.421609996660232689e-01
-5.406276357200829885e-01
-5.390916690051117399e-01
-5.375531021991458713e-01
-5.360119359948193329e-01
-5.344681691044608218e-01
-5.329217982628360328e-01
-5.313728182275274659e-01
-5.298212217769323606e-01
-5.282669997058666578e-01
-5.267101408187419009e-01
-5.251506319202896567e-01
-5.235884578037967030e-01
-5.220236012368092426e-01
-5.204560429442556257e-01
-5.188857615889398422e-01
-5.173127337493399480e-01
-5.157369338946488080e-01
-5.141583343569809950e-01
-5.125769053006660192e-01
-5.109926146885428455e-01
-5.094054282451531135e-01
-5.078153094167343617e-01
-5.062222193278979043e-01
-5.046261167348685683e-01
-5.030269579751553977e-01
-5.014246969135102150e-01
-4.998192848840201097e-01
-4.982106706281715924e-01
-4.965988002287041736e-01
-4.949836170390690682e-01
-4.933650616082841944e-01
-4.917430716009687508e-01
-4.901175817123205047e-01
-4.884885235777869372e-01
-4.868558256771564619e-01
-4.852194132327851128e-01
-4.835792081016424548e-01
-4.819351286608507534e-01
-4.802870896863579708e-01
-4.786350022243638924e-01
-4.769787734550881564e-01
-4.753183065484474779e-01
-4.736535005111640051e-01
-4.719842500248068728e-01
-4.703104452742209451e-01
-4.686319717657646544e-01
-4.669487101347336022e-01
-4.652605359412945729e-01
-4.635673194542176412e-01
-4.618689254216243878e-01
-4.601652128279271059e-01
-4.584560346360564975e-01
-4.567412375140191827e-01
-4.550206615447411340e-01
-4.532941399180816511e-01
-4.515614986038091749e-01
-4.498225560042390936e-01
-4.480771225851232775e-01
-4.463250004832793327e-01
-4.445659830893163300e-01
-4.427998546036838734e-01
-4.410263895641238219e-01
-4.392453523424490469e-01
-4.374564966083970274e-01
-4.356595647581161801e-01
-4.338542873046375425e-01
-4.320403822274572758e-01
-4.302175542781042084e-01
-4.283854942383006903e-01
-4.265438781270136648e-01
-4.246923663523808345e-01
-4.228306028041206033e-01
-4.209582138816468921e-01
-4.190748074526679523e-01
-4.171799717365675675e-01
-4.152732741063347444e-01
-4.133542598022245662e-01
-4.114224505496734685e-01
-4.094773430732873698e-01
-4.075184074979151805e-01
-4.055450856269477988e-01
-4.035567890869937169e-01
-4.015528973270063862e-01
-3.995327554587240759e-01
-3.974956719239413627e-01
-3.954409159726292033e-01
-3.933677149342516000e-01
-3.912752512627577506e-01
-3.891626593336426909e-01
-3.870290219691281952e-01
-3.848733666648954110e-01
-3.826946614888663278e-01
-3.804918106192172189e-01
-3.782636494850967201e-01
-3.760089394693282849e-01
-3.737263621276550318e-01
-3.714145128737465495e-01
-3.690718940731455566e-01
-3.666969074824997232e-01
-3.642878459626599508e-01
-3.618428843854083476e-01
-3.593600696435587105e-01
-3.568373096627225349e-01
-3.542723613000023364e-01
-3.516628169999403974e-01
-3.490060900609773809e-01
-3.462993983460558867e-01
-3.435397462485002551e-01
-3.407239046983447928e-01
-3.378483889643977278e-01
-3.349094339727299863e-01
-3.319029668222844842e-01
-3.288245761318372429e-01
-3.256694777985862377e-01
-3.224324766857046276e-01
-3.191079236827920607e-01
-3.156896674971485517e-01
-3.121710004329908417e-01
-3.085445972970747297e-01
-3.048024464293601077e-01
-3.009357716919422443e-01
-2.969349440533938789e-01
-2.927893811723680240e-01
-2.884874331059679720e-01
-2.840162519350771797e-01
-2.793616426981707646e-01
-2.745078925416710725e-01
-2.694375744087296742e-01
-2.641313208743968355e-01
-2.585675628605614285e-01
-2.527222268864220411e-01
-2.465683831728734121e-01
-2.400758352466770273e-01
-2.332106395792298836e-01
-2.259345411025190653e-01
-2.182043069692001513e-01
-2.099709363735850209e-01
-2.011787181951789349e-01
-1.917641000161030562e-01
-1.816543206885538886e-01
-1.707657424801573565e-01
-1.590017952669998402e-01
-1.462504098308607114e-01
-1.323807623265818578e-01
-1.172390635988764251e-01
-1.006429797515354108e-01
-8.237401574610332677e-02
-6.216673706355272527e-02
-3.969285586969199808e-02
-1.453658358504333198e-02
1.384550939643111947e-02
4.619290835864735267e-02
8.356050144750003239e-02
1.275158748607802817e-01
1.803502128395128579e-01
2.444890756821073985e-01
3.168980001748140651e-01
3.753367362622829217e-01
4.140279384396338136e-01
4.667359831326586828e-01
5.423720469235975283e-01
6.389354712238030087e-01
7.553451234393055991e-01
8.913747302962909957e-01
1.044492923102404491e+00
1.202657802224768702e+00
1.328455098383680255e+00
1.344154480731947654e+00
1.235390105836981389e+00
1.081334211054250316e+00
9.271735705740704603e-01
7.880684158037120079e-01
6.669699055761512119e-01
5.627711130833642494e-01
4.733318853402084803e-01
3.964759564935143588e-01
3.302740151731483054e-01
2.730905554141970226e-01
2.235593630195339965e-01
1.805428043454363474e-01
1.430922987676087055e-01
1.104145246137704511e-01
8.184374339079884819e-02
5.681945375478317933e-02
3.486841199538993907e-02
1.559018528993728545e-02
-1.354390957416483571e-03
-1.625225672962291035e-02
-2.934482504214435197e-02
-4.083218654086081395e-02
-5.087447072595106118e-02
-5.959118232379775892e-02
-6.706878024221116230e-02
-7.342773579766853631e-02
-7.904551479776597556e-02
-8.451183109730436849e-02
-8.968703174757705621e-02
-9.418634974899314782e-02
-9.796373450703925456e-02
-1.011055486455396391e-01
-1.037016429336063417e-01
-1.058225277098217426e-01
-1.075223055960661811e-01
-1.088436949383782687e-01
-1.098215450269198340e-01
-1.104850288265653013e-01
-1.108590185663890643e-01
-1.109649858669322919e-01
-1.108216220954212072e-01
-1.104452878451064601e-01
-1.098503529931264128e-01
-1.090494631294530864e-01
-1.080537540427494447e-01
-1.068730279759588092e-01
-1.055159007050517350e-01
-1.039899256708214093e-01
-1.023016996171213222e-01
-1.004569530283512396e-01
-9.846062787244552750e-02
-9.631694460368767086e-02
-9.402945997971207115e-02
-9.160111694868405818e-02
-8.903428763425527692e-02
-8.633081026710207051e-02
-8.349202076914753745e-02
-8.051877958069021679e-02
-7.741149422518919798e-02
-7.417013802670113787e-02
-7.079426532755746238e-02
-6.728302349613958511e-02
-6.363516196468023411e-02
-5.984903849315397623e-02
-5.592262281640087568e-02
-5.185349779643001755e-02
-4.763885816958900177e-02
-4.327550694799706804e-02
-3.875984950571485094e-02
-3.408788535164203326e-02
-2.925519756247952838e-02
-2.425693981925995321e-02
-1.908782095909717508e-02
-1.374208691868420568e-02
-8.213499906209717483e-03
-2.495314591931126723e-03
3.419748947929479501e-03
9.539535867319441989e-03
1.587249118506492071e-02
2.242769894549118473e-02
2.921492657398936862e-02
3.624467528439566377e-02
4.352823764857855632e-02
5.107776378664691252e-02
5.890633812231538952e-02
6.702806933877715478e-02
7.545819716997757831e-02
8.421322113499805917e-02
9.331105853623342106e-02
1.027712424349982306e-01
1.126151756353136191e-01
1.228664652352703945e-01
1.335513763365655526e-01
1.446994672322299003e-01
1.563445097619569901e-01
1.685258731142310618e-01
1.812906889900239849e-01
1.946973887241203738e-01
2.088217615551121453e-01
2.237678917273420720e-01
2.396891156115709409e-01
2.568310304210509321e-01
2.756271112399046319e-01
2.969321127205354349e-01
3.226552989004886629e-01
3.576614703086474778e-01
4.154434820065709411e-01
5.073568798107227495e-01
4.674733939409839167e-01
4.421013629563210201e-01
4.472126952116111109e-01
4.642354264639005357e-01
4.868753002635765048e-01
5.129537225341412876e-01
5.416693185911680697e-01
5.727444348342012326e-01
6.061318238219605137e-01
6.419033035229162465e-01
6.802047346404170858e-01
7.212381513527666987e-01
7.652565289082098321e-01
8.125654872340608570e-01
8.635297314783522138e-01
9.185835985609522858e-01
9.782458960602898879e-01
1.043139712227725058e+00
1.114018139752563252e+00
1.191796709402673571e+00
1.277592075289847084e+00
1.372762120291660226e+00
1.478929535004462892e+00
1.597933249789684096e+00
1.731545259190110819e+00
1.880492727691951860e+00
2.041550796455791517e+00
2.199854401895172007e+00
2.312116022032813856e+00
2.301295886760805320e+00
2.178582182436508141e+00
2.019763331124599937e+00
1.861964776835968838e+00
1.717318178560659048e+00
1.588065540145640053e+00
1.473191627128511039e+00
1.370878445953917835e+00
1.279315734396205384e+00
1.196926382701116287e+00
1.122396403383814745e+00
1.054646307965814822e+00
9.927904520825354684e-01
9.360991191763009533e-01
8.839670904204282031e-01
8.358888303029785583e-01
7.914394554237500490e-01
7.502606791572046241e-01
7.120514432998616972e-01
6.765640732092131904e-01
6.436093036443677473e-01
6.130790603451731213e-01
5.850011709833625728e-01
5.595594405239769920e-01
5.362693010310041197e-01
5.121945444103194189e-01
4.880545539512863296e-01
4.658385753722485423e-01
4.454720083359143823e-01
4.266150976519784699e-01
4.090392575991089186e-01
3.925965127970177382e-01
3.771813551778924190e-01
3.627113115526309217e-01
3.491176657028153829e-01
3.363408206542872203e-01
3.243278000386825566e-01
3.130307860668412046e-01
3.024061915150216273e-01
2.924140249082315957e-01
2.830174272154586390e-01
2.741823152409346709e-01
2.658770953747682242e-01
2.580724263007139196e-01
2.507410174420848792e-01
2.438574546023221101e-01
2.373980470371366280e-01
2.313406919133258466e-01
2.256647532106707266e-01
2.203509528546850338e-01
